1	2	0.5	Social	0	0	-1	-1	3	0.01
1	2	0.5	Social	1	0	-1	-1	-1	0.01
1	2	0.5	Social	2	0	-1	-1	4	0.01
1	2	0.5	Social	3	0	-1	-1	-1	0.01
1	2	0.5	Social	4	0	-1	-1	2	0.01
1	2	0.5	Social	5	0	-1	-1	2	0.01
1	2	0.5	Social	6	0	-1	-1	3	0.01
1	2	0.5	Social	7	0	-1	-1	2	0.01
1	2	0.5	Social	8	0	-1	-1	2	0.01
1	2	0.5	Social	9	0	-1	-1	3	0.01
1	2	0.5	Social	10	88	1	0.5	-1	0.01
1	2	0.5	Social	11	84	1	0.5	-1	0.01
1	2	0.5	Social	12	0	-1	-1	2	0.01
1	2	0.5	Social	13	0	-1	-1	-1	0.01
1	2	0.5	Social	14	0	-1	-1	2	0.01
1	2	0.5	Social	15	0	-1	-1	2	0.01
1	2	0.5	Social	16	0	-1	-1	-1	0.01
1	2	0.5	Social	17	0	-1	-1	-1	0.01
1	2	0.5	Social	18	0	-1	-1	3	0.01
1	2	0.5	Social	19	0	-1	-1	2	0.01
1	2	0.5	Social	20	0	-1	-1	3	0.01
1	2	0.5	Social	21	74	1	0.5	-1	0.01
1	2	0.5	Social	22	0	-1	-1	-1	0.01
1	2	0.5	Social	23	0	-1	-1	2	0.01
1	2	0.5	Social	24	0	-1	-1	2	0.01
1	2	0.5	Social	25	0	-1	-1	2	0.01
1	2	0.5	Social	26	0	-1	-1	3	0.01
1	2	0.5	Social	27	0	-1	-1	2	0.01
1	2	0.5	Social	28	0	-1	-1	4	0.01
1	2	0.5	Social	29	0	-1	-1	2	0.01
1	2	0.5	Social	30	0	-1	-1	3	0.01
1	2	0.5	Social	31	0	-1	-1	2	0.01
1	2	0.5	Social	32	45	1	0.4	-1	0.01
1	2	0.5	Social	33	0	-1	-1	-1	0.01
1	2	0.5	Social	34	178	1	0.7	-1	0.01
1	2	0.5	Social	35	0	-1	-1	-1	0.01
1	2	0.5	Social	36	0	-1	-1	2	0.01
1	2	0.5	Social	37	0	-1	-1	-1	0.01
1	2	0.5	Social	38	0	-1	-1	2	0.01
1	2	0.5	Social	39	116	1	0.6	-1	0.01
1	2	0.5	Social	40	0	-1	-1	2	0.01
1	2	0.5	Social	41	0	-1	-1	3	0.01
1	2	0.5	Social	42	0	-1	-1	3	0.01
1	2	0.5	Social	43	0	-1	-1	3	0.01
1	2	0.5	Social	44	102	0.990196	0.594118	-1	0.01
1	2	0.5	Social	45	0	-1	-1	2	0.01
1	2	0.5	Social	46	0	-1	-1	2	0.01
1	2	0.5	Social	47	0	-1	-1	-1	0.01
1	2	0.5	Social	48	0	-1	-1	-1	0.01
1	2	0.5	Social	49	0	-1	-1	2	0.01
1	2	0.5	Social	50	0	-1	-1	3	0.01
1	2	0.5	Social	51	0	-1	-1	3	0.01
1	2	0.5	Social	52	0	-1	-1	2	0.01
1	2	0.5	Social	53	0	-1	-1	-1	0.01
1	2	0.5	Social	54	0	-1	-1	-1	0.01
1	2	0.5	Social	55	0	-1	-1	2	0.01
1	2	0.5	Social	56	127	0.992126	0.595276	-1	0.01
1	2	0.5	Social	57	0	-1	-1	2	0.01
1	2	0.5	Social	58	0	-1	-1	3	0.01
1	2	0.5	Social	59	119	0.991597	0.892437	-1	0.01
1	2	0.5	Social	60	0	-1	-1	-1	0.01
1	2	0.5	Social	61	0	-1	-1	3	0.01
1	2	0.5	Social	62	0	-1	-1	3	0.01
1	2	0.5	Social	63	100	1	0.5	-1	0.01
1	2	0.5	Social	64	0	-1	-1	3	0.01
1	2	0.5	Social	65	0	-1	-1	2	0.01
1	2	0.5	Social	66	0	-1	-1	2	0.01
1	2	0.5	Social	67	0	-1	-1	2	0.01
1	2	0.5	Social	68	0	-1	-1	2	0.01
1	2	0.5	Social	69	0	-1	-1	-1	0.01
1	2	0.5	Social	70	0	-1	-1	2	0.01
1	2	0.5	Social	71	0	-1	-1	2	0.01
1	2	0.5	Social	72	96	0.96875	0.871875	-1	0.01
1	2	0.5	Social	73	0	-1	-1	3	0.01
1	2	0.5	Social	74	0	-1	-1	3	0.01
1	2	0.5	Social	75	0	-1	-1	3	0.01
1	2	0.5	Social	76	123	1	0.6	-1	0.01
1	2	0.5	Social	77	0	-1	-1	-1	0.01
1	2	0.5	Social	78	0	-1	-1	3	0.01
1	2	0.5	Social	79	0	-1	-1	3	0.01
1	2	0.5	Social	80	148	1	0.6	-1	0.01
1	2	0.5	Social	81	0	-1	-1	2	0.01
1	2	0.5	Social	82	0	-1	-1	-1	0.01
1	2	0.5	Social	83	0	-1	-1	3	0.01
1	2	0.5	Social	84	109	0.972477	0.875229	-1	0.01
1	2	0.5	Social	85	0	-1	-1	-1	0.01
1	2	0.5	Social	86	0	-1	-1	3	0.01
1	2	0.5	Social	87	0	-1	-1	3	0.01
1	2	0.5	Social	88	0	-1	-1	-1	0.01
1	2	0.5	Social	89	105	1	0.5	-1	0.01
1	2	0.5	Social	90	0	-1	-1	3	0.01
1	2	0.5	Social	91	0	-1	-1	2	0.01
1	2	0.5	Social	92	0	-1	-1	2	0.01
1	2	0.5	Social	93	0	-1	-1	-1	0.01
1	2	0.5	Social	94	130	1	0.9	-1	0.01
1	2	0.5	Social	95	0	-1	-1	3	0.01
1	2	0.5	Social	96	0	-1	-1	2	0.01
1	2	0.5	Social	97	0	-1	-1	3	0.01
1	2	0.5	Social	98	0	-1	-1	3	0.01
1	2	0.5	Social	99	42	1	0.4	-1	0.01
2	2	0.5	Social	0	0	-1	-1	35	0.01
2	2	0.5	Social	1	0	-1	-1	38	0.01
2	2	0.5	Social	2	0	-1	-1	36	0.01
2	2	0.5	Social	3	0	-1	-1	74	0.01
2	2	0.5	Social	4	68	1	0.2	-1	0.01
2	2	0.5	Social	5	169	0.964497	0.385799	-1	0.01
2	2	0.5	Social	6	0	-1	-1	55	0.01
2	2	0.5	Social	7	164	1	0.4	-1	0.01
2	2	0.5	Social	8	224	1	0.4	-1	0.01
2	2	0.5	Social	9	122	0.991803	0.297541	-1	0.01
2	2	0.5	Social	10	77	1	0.2	-1	0.01
2	2	0.5	Social	11	62	1	0.1	-1	0.01
2	2	0.5	Social	12	0	-1	-1	15	0.01
2	2	0.5	Social	13	58	1	0.2	-1	0.01
2	2	0.5	Social	14	186	0.978495	0.391398	12	0.01
2	2	0.5	Social	15	0	-1	-1	74	0.01
2	2	0.5	Social	16	122	1	0.3	77	0.01
2	2	0.5	Social	17	0	-1	-1	60	0.01
2	2	0.5	Social	18	71	1	0.2	-1	0.01
2	2	0.5	Social	19	0	-1	-1	229	0.01
2	2	0.5	Social	20	0	-1	-1	41	0.01
2	2	0.5	Social	21	50	0.96	0.096	-1	0.01
2	2	0.5	Social	22	0	-1	-1	118	0.01
2	2	0.5	Social	23	196	1	0.427041	-1	0.01
2	2	0.5	Social	24	0	-1	-1	128	0.01
2	2	0.5	Social	25	202	1	0.4	-1	0.01
2	2	0.5	Social	26	0	-1	-1	17	0.01
2	2	0.5	Social	27	0	-1	-1	59	0.01
2	2	0.5	Social	28	0	-1	-1	156	0.01
2	2	0.5	Social	29	0	-1	-1	32	0.01
2	2	0.5	Social	30	0	-1	-1	134	0.01
2	2	0.5	Social	31	0	-1	-1	41	0.01
2	2	0.5	Social	32	0	-1	-1	195	0.01
2	2	0.5	Social	33	0	-1	-1	151	0.01
2	2	0.5	Social	34	267	0.947566	0.473783	-1	0.01
2	2	0.5	Social	35	118	0.991525	0.297458	2	0.01
2	2	0.5	Social	36	214	0.995327	0.398131	11	0.01
2	2	0.5	Social	37	0	-1	-1	54	0.01
2	2	0.5	Social	38	0	-1	-1	30	0.01
2	2	0.5	Social	39	0	-1	-1	85	0.01
2	2	0.5	Social	40	0	-1	-1	60	0.01
2	2	0.5	Social	41	0	-1	-1	68	0.01
2	2	0.5	Social	42	137	1	0.3	-1	0.01
2	2	0.5	Social	43	148	0.993243	0.297973	-1	0.01
2	2	0.5	Social	44	0	-1	-1	63	0.01
2	2	0.5	Social	45	0	-1	-1	37	0.01
2	2	0.5	Social	46	0	-1	-1	52	0.01
2	2	0.5	Social	47	0	-1	-1	92	0.01
2	2	0.5	Social	48	0	-1	-1	70	0.01
2	2	0.5	Social	49	0	-1	-1	67	0.01
2	2	0.5	Social	50	0	-1	-1	83	0.01
2	2	0.5	Social	51	0	-1	-1	94	0.01
2	2	0.5	Social	52	0	-1	-1	93	0.01
2	2	0.5	Social	53	0	-1	-1	29	0.01
2	2	0.5	Social	54	149	1	0.3	69	0.01
2	2	0.5	Social	55	195	1	0.389744	-1	0.01
2	2	0.5	Social	56	190	1	0.4	-1	0.01
2	2	0.5	Social	57	0	-1	-1	106	0.01
2	2	0.5	Social	58	195	1	0.4	39	0.01
2	2	0.5	Social	59	193	0.968912	0.387565	-1	0.01
2	2	0.5	Social	60	91	0.989011	0.197802	62	0.01
2	2	0.5	Social	61	238	0.94958	0.47479	40	0.01
2	2	0.5	Social	62	247	0.987854	0.493927	-1	0.01
2	2	0.5	Social	63	230	0.982609	0.427826	-1	0.01
2	2	0.5	Social	64	0	-1	-1	76	0.01
2	2	0.5	Social	65	139	0.992806	0.297842	-1	0.01
2	2	0.5	Social	66	0	-1	-1	184	0.01
2	2	0.5	Social	67	177	0.988701	0.39548	-1	0.01
2	2	0.5	Social	68	122	1	0.3	25	0.01
2	2	0.5	Social	69	197	0.984772	0.393909	-1	0.01
2	2	0.5	Social	70	266	0.954887	0.477444	-1	0.01
2	2	0.5	Social	71	0	-1	-1	136	0.01
2	2	0.5	Social	72	139	0.971223	0.291367	-1	0.01
2	2	0.5	Social	73	185	0.989189	0.395676	35	0.01
2	2	0.5	Social	74	116	1	0.3	1	0.01
2	2	0.5	Social	75	73	1	0.2	7	0.01
2	2	0.5	Social	76	238	0.966387	0.483193	-1	0.01
2	2	0.5	Social	77	0	-1	-1	157	0.01
2	2	0.5	Social	78	84	0.988095	0.197619	-1	0.01
2	2	0.5	Social	79	146	1	0.3	-1	0.01
2	2	0.5	Social	80	227	0.991189	0.495595	86	0.01
2	2	0.5	Social	81	123	0.97561	0.292683	-1	0.01
2	2	0.5	Social	82	0	-1	-1	47	0.01
2	2	0.5	Social	83	0	-1	-1	72	0.01
2	2	0.5	Social	84	222	1	0.4	-1	0.01
2	2	0.5	Social	85	0	-1	-1	46	0.01
2	2	0.5	Social	86	310	1	0.5	4	0.01
2	2	0.5	Social	87	183	0.994536	0.397814	-1	0.01
2	2	0.5	Social	88	0	-1	-1	24	0.01
2	2	0.5	Social	89	0	-1	-1	257	0.01
2	2	0.5	Social	90	62	1	0.2	259	0.01
2	2	0.5	Social	91	266	0.954887	0.477444	-1	0.01
2	2	0.5	Social	92	259	0.996139	0.498069	96	0.01
2	2	0.5	Social	93	0	-1	-1	27	0.01
2	2	0.5	Social	94	131	0.977099	0.29313	49	0.01
2	2	0.5	Social	95	89	0.988764	0.197753	-1	0.01
2	2	0.5	Social	96	0	-1	-1	53	0.01
2	2	0.5	Social	97	0	-1	-1	25	0.01
2	2	0.5	Social	98	206	0.995146	0.398058	-1	0.01
2	2	0.5	Social	99	0	-1	-1	39	0.01
3	2	0.5	Social	0	314	0.955414	0.429936	58	0.01
3	2	0.5	Social	1	217	1	0.3	207	0.01
3	2	0.5	Social	2	219	1	0.3	3	0.01
3	2	0.5	Social	3	167	0.994012	0.198802	23	0.01
3	2	0.5	Social	4	230	1	0.3	-1	0.01
3	2	0.5	Social	5	246	0.995935	0.29878	73	0.01
3	2	0.5	Social	6	312	0.974359	0.389744	4	0.01
3	2	0.5	Social	7	195	0.958974	0.287692	123	0.01
3	2	0.5	Social	8	219	0.986301	0.29589	49	0.01
3	2	0.5	Social	9	153	1	0.2	135	0.01
3	2	0.5	Social	10	231	1	0.3	-1	0.01
3	2	0.5	Social	11	231	0.978355	0.293506	10	0.01
3	2	0.5	Social	12	142	1	0.2	165	0.01
3	2	0.5	Social	13	247	1	0.3	36	0.01
3	2	0.5	Social	14	329	0.933131	0.373252	-1	0.01
3	2	0.5	Social	15	295	1	0.4	222	0.01
3	2	0.5	Social	16	253	0.988142	0.296443	25	0.01
3	2	0.5	Social	17	290	0.962069	0.384828	-1	0.01
3	2	0.5	Social	18	117	1	0.1	238	0.01
3	2	0.5	Social	19	162	1	0.2	3	0.01
3	2	0.5	Social	20	161	0.987578	0.197516	101	0.01
3	2	0.5	Social	21	231	1	0.324675	53	0.01
3	2	0.5	Social	22	184	0.951087	0.263587	145	0.01
3	2	0.5	Social	23	161	0.950311	0.190062	83	0.01
3	2	0.5	Social	24	143	1	0.2	-1	0.01
3	2	0.5	Social	25	316	0.984177	0.394304	64	0.01
3	2	0.5	Social	26	334	0.997006	0.398802	32	0.01
3	2	0.5	Social	27	160	0.99375	0.19875	-1	0.01
3	2	0.5	Social	28	216	0.99537	0.299074	74	0.01
3	2	0.5	Social	29	155	0.974194	0.194839	-1	0.01
3	2	0.5	Social	30	222	1	0.3	-1	0.01
3	2	0.5	Social	31	217	0.935484	0.280645	83	0.01
3	2	0.5	Social	32	208	0.971154	0.291346	6	0.01
3	2	0.5	Social	33	115	0.991304	0.0991304	64	0.01
3	2	0.5	Social	34	165	1	0.2	-1	0.01
3	2	0.5	Social	35	306	0.95098	0.380392	-1	0.01
3	2	0.5	Social	36	261	0.816092	0.326437	11	0.01
3	2	0.5	Social	37	305	1	0.398033	-1	0.01
3	2	0.5	Social	38	150	1	0.2	-1	0.01
3	2	0.5	Social	39	234	0.982906	0.294872	4	0.01
3	2	0.5	Social	40	267	0.93633	0.366667	346	0.01
3	2	0.5	Social	41	223	0.991031	0.297309	12	0.01
3	2	0.5	Social	42	273	0.901099	0.36044	55	0.01
3	2	0.5	Social	43	220	0.977273	0.293182	10	0.01
3	2	0.5	Social	44	242	0.995868	0.29876	-1	0.01
3	2	0.5	Social	45	215	0.981395	0.294419	-1	0.01
3	2	0.5	Social	46	295	0.938983	0.375593	84	0.01
3	2	0.5	Social	47	291	0.879725	0.35189	64	0.01
3	2	0.5	Social	48	221	0.99095	0.297285	-1	0.01
3	2	0.5	Social	49	333	0.975976	0.39039	-1	0.01
3	2	0.5	Social	50	312	0.977564	0.391026	-1	0.01
3	2	0.5	Social	51	261	0.923372	0.369349	42	0.01
3	2	0.5	Social	52	111	1	0.1	203	0.01
3	2	0.5	Social	53	220	0.977273	0.293182	20	0.01
3	2	0.5	Social	54	246	1	0.3	22	0.01
3	2	0.5	Social	55	225	1	0.3	175	0.01
3	2	0.5	Social	56	252	1	0.3	34	0.01
3	2	0.5	Social	57	253	1	0.3	-1	0.01
3	2	0.5	Social	58	166	0.987952	0.26506	109	0.01
3	2	0.5	Social	59	337	0.964392	0.385757	234	0.01
3	2	0.5	Social	60	310	0.954839	0.381935	12	0.01
3	2	0.5	Social	61	224	1	0.3	66	0.01
3	2	0.5	Social	62	154	0.987013	0.197403	56	0.01
3	2	0.5	Social	63	252	0.980159	0.294048	95	0.01
3	2	0.5	Social	64	175	1	0.265143	133	0.01
3	2	0.5	Social	65	208	0.995192	0.298558	66	0.01
3	2	0.5	Social	66	163	1	0.2	134	0.01
3	2	0.5	Social	67	154	1	0.2	-1	0.01
3	2	0.5	Social	68	244	1	0.3	-1	0.01
3	2	0.5	Social	69	235	0.893617	0.33617	19	0.01
3	2	0.5	Social	70	163	1	0.2	-1	0.01
3	2	0.5	Social	71	262	0.954198	0.381679	247	0.01
3	2	0.5	Social	72	279	0.953405	0.338351	157	0.01
3	2	0.5	Social	73	158	1	0.2	160	0.01
3	2	0.5	Social	74	256	0.980469	0.294141	-1	0.01
3	2	0.5	Social	75	248	1	0.3	48	0.01
3	2	0.5	Social	76	221	0.959276	0.287783	-1	0.01
3	2	0.5	Social	77	236	0.860169	0.344068	87	0.01
3	2	0.5	Social	78	230	0.978261	0.293478	41	0.01
3	2	0.5	Social	79	217	1	0.3	74	0.01
3	2	0.5	Social	80	222	1	0.3	-1	0.01
3	2	0.5	Social	81	242	0.995868	0.29876	59	0.01
3	2	0.5	Social	82	344	0.997093	0.398837	181	0.01
3	2	0.5	Social	83	356	0.988764	0.395506	112	0.01
3	2	0.5	Social	84	169	1	0.2	43	0.01
3	2	0.5	Social	85	271	0.95572	0.382288	135	0.01
3	2	0.5	Social	86	143	1	0.2	33	0.01
3	2	0.5	Social	87	151	0.94702	0.189404	47	0.01
3	2	0.5	Social	88	307	0.941368	0.376547	54	0.01
3	2	0.5	Social	89	275	0.989091	0.395636	86	0.01
3	2	0.5	Social	90	325	0.978462	0.391385	129	0.01
3	2	0.5	Social	91	225	0.982222	0.294667	21	0.01
3	2	0.5	Social	92	245	1	0.3	17	0.01
3	2	0.5	Social	93	330	0.966667	0.388485	119	0.01
3	2	0.5	Social	94	214	0.995327	0.298598	-1	0.01
3	2	0.5	Social	95	149	1	0.2	27	0.01
3	2	0.5	Social	96	101	1	0.1	77	0.01
3	2	0.5	Social	97	174	0.982759	0.196552	36	0.01
3	2	0.5	Social	98	321	0.975078	0.390031	78	0.01
3	2	0.5	Social	99	222	1	0.3	40	0.01
4	2	0.5	Social	0	345	1	0.3	-1	0.01
4	2	0.5	Social	1	225	0.973333	0.194667	114	0.01
4	2	0.5	Social	2	314	0.993631	0.298089	8	0.01
4	2	0.5	Social	3	153	1	0.1	-1	0.01
4	2	0.5	Social	4	258	0.992248	0.19845	17	0.01
4	2	0.5	Social	5	319	0.971787	0.291536	-1	0.01
4	2	0.5	Social	6	350	0.968571	0.290571	112	0.01
4	2	0.5	Social	7	207	0.937198	0.18744	-1	0.01
4	2	0.5	Social	8	322	0.968944	0.290683	-1	0.01
4	2	0.5	Social	9	210	1	0.189524	10	0.01
4	2	0.5	Social	10	296	0.993243	0.298986	32	0.01
4	2	0.5	Social	11	324	0.962963	0.288889	-1	0.01
4	2	0.5	Social	12	237	0.995781	0.199156	18	0.01
4	2	0.5	Social	13	316	0.990506	0.297152	-1	0.01
4	2	0.5	Social	14	337	0.991098	0.297329	316	0.01
4	2	0.5	Social	15	314	0.990446	0.297134	-1	0.01
4	2	0.5	Social	16	303	0.920792	0.276238	-1	0.01
4	2	0.5	Social	17	335	0.985075	0.295522	41	0.01
4	2	0.5	Social	18	339	1	0.3	-1	0.01
4	2	0.5	Social	19	268	0.932836	0.262313	151	0.01
4	2	0.5	Social	20	254	0.996063	0.199213	138	0.01
4	2	0.5	Social	21	234	0.952991	0.190598	-1	0.01
4	2	0.5	Social	22	283	0.883392	0.265018	-1	0.01
4	2	0.5	Social	23	322	0.965839	0.289752	-1	0.01
4	2	0.5	Social	24	233	0.978541	0.195708	129	0.01
4	2	0.5	Social	25	358	0.98324	0.294972	-1	0.01
4	2	0.5	Social	26	301	1	0.3	11	0.01
4	2	0.5	Social	27	172	0.988372	0.0988372	78	0.01
4	2	0.5	Social	28	340	0.970588	0.291176	122	0.01
4	2	0.5	Social	29	170	1	0.1	48	0.01
4	2	0.5	Social	30	316	0.984177	0.295253	23	0.01
4	2	0.5	Social	31	302	0.956954	0.287086	-1	0.01
4	2	0.5	Social	32	294	0.646259	0.282313	186	0.01
4	2	0.5	Social	33	321	0.996885	0.276324	25	0.01
4	2	0.5	Social	34	172	0.976744	0.0976744	38	0.01
4	2	0.5	Social	35	203	0.945813	0.189163	148	0.01
4	2	0.5	Social	36	235	0.940426	0.188085	75	0.01
4	2	0.5	Social	37	171	1	0.1	65	0.01
4	2	0.5	Social	38	328	0.966463	0.289939	124	0.01
4	2	0.5	Social	39	316	0.981013	0.293038	-1	0.01
4	2	0.5	Social	40	213	1	0.2	65	0.01
4	2	0.5	Social	41	223	0.982063	0.196413	49	0.01
4	2	0.5	Social	42	298	0.969799	0.29094	56	0.01
4	2	0.5	Social	43	327	0.954128	0.286239	49	0.01
4	2	0.5	Social	44	312	0.955128	0.286538	-1	0.01
4	2	0.5	Social	45	248	0.951613	0.190323	45	0.01
4	2	0.5	Social	46	319	0.968652	0.290596	13	0.01
4	2	0.5	Social	47	312	0.964744	0.289423	27	0.01
4	2	0.5	Social	48	342	0.976608	0.292982	29	0.01
4	2	0.5	Social	49	308	0.987013	0.296104	27	0.01
4	2	0.5	Social	50	309	0.97411	0.292233	44	0.01
4	2	0.5	Social	51	225	0.955556	0.191111	48	0.01
4	2	0.5	Social	52	226	0.933628	0.186726	67	0.01
4	2	0.5	Social	53	245	1	0.2	-1	0.01
4	2	0.5	Social	54	200	0.94	0.188	47	0.01
4	2	0.5	Social	55	292	0.931507	0.279452	9	0.01
4	2	0.5	Social	56	315	0.993651	0.298095	21	0.01
4	2	0.5	Social	57	161	1	0.1	246	0.01
4	2	0.5	Social	58	219	0.949772	0.189954	48	0.01
4	2	0.5	Social	59	327	0.95107	0.285321	234	0.01
4	2	0.5	Social	60	238	1	0.2	114	0.01
4	2	0.5	Social	61	319	1	0.3	131	0.01
4	2	0.5	Social	62	286	1	0.3	67	0.01
4	2	0.5	Social	63	213	0.896714	0.179343	-1	0.01
4	2	0.5	Social	64	228	1	0.2	688	0.01
4	2	0.5	Social	65	326	0.895706	0.320552	-1	0.01
4	2	0.5	Social	66	254	0.968504	0.193701	-1	0.01
4	2	0.5	Social	67	171	1	0.1	-1	0.01
4	2	0.5	Social	68	224	0.991071	0.198214	-1	0.01
4	2	0.5	Social	69	306	0.95098	0.285294	44	0.01
4	2	0.5	Social	70	315	0.968254	0.290476	152	0.01
4	2	0.5	Social	71	230	0.995652	0.19913	21	0.01
4	2	0.5	Social	72	238	0.991597	0.198319	277	0.01
4	2	0.5	Social	73	317	1	0.3	120	0.01
4	2	0.5	Social	74	236	0.978814	0.195763	14	0.01
4	2	0.5	Social	75	329	1	0.3	165	0.01
4	2	0.5	Social	76	248	0.891129	0.180242	35	0.01
4	2	0.5	Social	77	358	0.988827	0.296648	-1	0.01
4	2	0.5	Social	78	354	0.988701	0.29661	14	0.01
4	2	0.5	Social	79	345	0.997101	0.29913	38	0.01
4	2	0.5	Social	80	249	0.995984	0.199197	196	0.01
4	2	0.5	Social	81	301	0.990033	0.29701	-1	0.01
4	2	0.5	Social	82	346	0.968208	0.290462	83	0.01
4	2	0.5	Social	83	351	0.997151	0.299145	-1	0.01
4	2	0.5	Social	84	350	1	0.3	16	0.01
4	2	0.5	Social	85	318	0.937107	0.281132	-1	0.01
4	2	0.5	Social	86	339	0.967552	0.290265	-1	0.01
4	2	0.5	Social	87	348	0.994253	0.298276	79	0.01
4	2	0.5	Social	88	310	0.906452	0.271935	65	0.01
4	2	0.5	Social	89	174	1	0.1	46	0.01
4	2	0.5	Social	90	315	0.980952	0.294286	122	0.01
4	2	0.5	Social	91	244	1	0.2	-1	0.01
4	2	0.5	Social	92	235	0.991489	0.198298	-1	0.01
4	2	0.5	Social	93	251	0.984064	0.196813	110	0.01
4	2	0.5	Social	94	319	0.968652	0.290596	5	0.01
4	2	0.5	Social	95	301	0.996678	0.299003	27	0.01
4	2	0.5	Social	96	326	0.966258	0.289877	-1	0.01
4	2	0.5	Social	97	293	1	0.3	65	0.01
4	2	0.5	Social	98	220	1	0.2	7	0.01
4	2	0.5	Social	99	234	0.995726	0.199145	42	0.01
5	2	0.5	Social	0	275	0.985455	0.197091	37	0.01
5	2	0.5	Social	1	309	0.97411	0.194822	208	0.01
5	2	0.5	Social	2	313	1	0.2	-1	0.01
5	2	0.5	Social	3	321	0.931464	0.186293	369	0.01
5	2	0.5	Social	4	364	0.958791	0.25522	45	0.01
5	2	0.5	Social	5	301	1	0.2	143	0.01
5	2	0.5	Social	6	314	0.971338	0.194268	-1	0.01
5	2	0.5	Social	7	239	0.995816	0.0995816	63	0.01
5	2	0.5	Social	8	326	0.969325	0.203988	140	0.01
5	2	0.5	Social	9	302	0.996689	0.199338	65	0.01
5	2	0.5	Social	10	298	0.973154	0.194631	19	0.01
5	2	0.5	Social	11	275	0.785455	0.157091	14	0.01
5	2	0.5	Social	12	314	1	0.2	-1	0.01
5	2	0.5	Social	13	380	0.894737	0.268421	-1	0.01
5	2	0.5	Social	14	230	0.934783	0.0934783	-1	0.01
5	2	0.5	Social	15	354	0.765537	0.229661	-1	0.01
5	2	0.5	Social	16	284	1	0.2	62	0.01
5	2	0.5	Social	17	300	0.77	0.233333	-1	0.01
5	2	0.5	Social	18	331	0.996979	0.199396	294	0.01
5	2	0.5	Social	19	311	0.974277	0.194855	-1	0.01
5	2	0.5	Social	20	359	0.81337	0.243454	186	0.01
5	2	0.5	Social	21	306	0.944444	0.188889	84	0.01
5	2	0.5	Social	22	289	0.955017	0.212457	126	0.01
5	2	0.5	Social	23	309	1	0.202589	96	0.01
5	2	0.5	Social	24	400	0.935	0.2805	99	0.01
5	2	0.5	Social	25	325	0.916923	0.183385	391	0.01
5	2	0.5	Social	26	245	0.995918	0.0995918	329	0.01
5	2	0.5	Social	27	221	1	0.1	107	0.01
5	2	0.5	Social	28	300	0.936667	0.187333	28	0.01
5	2	0.5	Social	29	305	0.921311	0.184262	-1	0.01
5	2	0.5	Social	30	314	0.840764	0.251592	69	0.01
5	2	0.5	Social	31	336	0.877976	0.251488	195	0.01
5	2	0.5	Social	32	313	0.846645	0.227157	120	0.01
5	2	0.5	Social	33	318	0.990566	0.198113	364	0.01
5	2	0.5	Social	34	308	0.974026	0.194805	99	0.01
5	2	0.5	Social	35	233	0.978541	0.0978541	234	0.01
5	2	0.5	Social	36	367	0.912807	0.256948	-1	0.01
5	2	0.5	Social	37	289	0.903114	0.180623	201	0.01
5	2	0.5	Social	38	398	0.939698	0.28191	108	0.01
5	2	0.5	Social	39	224	0.915179	0.0915179	214	0.01
5	2	0.5	Social	40	190	0.994737	0.0994737	29	0.01
5	2	0.5	Social	41	302	0.986755	0.197351	-1	0.01
5	2	0.5	Social	42	301	0.966777	0.193355	159	0.01
5	2	0.5	Social	43	324	0.780864	0.234259	164	0.01
5	2	0.5	Social	44	235	0.965957	0.0965957	-1	0.01
5	2	0.5	Social	45	246	0.95122	0.095122	218	0.01
5	2	0.5	Social	46	274	0.624088	0.187226	-1	0.01
5	2	0.5	Social	47	278	0.982014	0.196403	248	0.01
5	2	0.5	Social	48	318	0.990566	0.198113	-1	0.01
5	2	0.5	Social	49	212	0.962264	0.0962264	66	0.01
5	2	0.5	Social	50	341	0.979472	0.195894	-1	0.01
5	2	0.5	Social	51	317	0.968454	0.193691	101	0.01
5	2	0.5	Social	52	320	0.978125	0.195625	73	0.01
5	2	0.5	Social	53	335	0.98209	0.196418	17	0.01
5	2	0.5	Social	54	414	0.910628	0.275362	10	0.01
5	2	0.5	Social	55	337	0.792285	0.237685	203	0.01
5	2	0.5	Social	56	294	0.94898	0.189796	-1	0.01
5	2	0.5	Social	57	312	0.964744	0.192949	15	0.01
5	2	0.5	Social	58	294	1	0.2	136	0.01
5	2	0.5	Social	59	321	1	0.2	23	0.01
5	2	0.5	Social	60	287	0.961672	0.192334	169	0.01
5	2	0.5	Social	61	323	0.934985	0.210526	2	0.01
5	2	0.5	Social	62	365	0.810959	0.243288	-1	0.01
5	2	0.5	Social	63	317	1	0.2	19	0.01
5	2	0.5	Social	64	292	0.986301	0.19726	103	0.01
5	2	0.5	Social	65	244	1	0.1	-1	0.01
5	2	0.5	Social	66	326	0.97546	0.228834	-1	0.01
5	2	0.5	Social	67	310	0.96129	0.189355	-1	0.01
5	2	0.5	Social	68	232	0.926724	0.0926724	413	0.01
5	2	0.5	Social	69	321	0.971963	0.194393	33	0.01
5	2	0.5	Social	70	331	0.700906	0.210272	-1	0.01
5	2	0.5	Social	71	232	0.99569	0.099569	28	0.01
5	2	0.5	Social	72	273	0.948718	0.189744	55	0.01
5	2	0.5	Social	73	310	0.893548	0.202903	-1	0.01
5	2	0.5	Social	74	322	0.962733	0.192547	152	0.01
5	2	0.5	Social	75	297	0.986532	0.197306	120	0.01
5	2	0.5	Social	76	285	0.978947	0.195789	11	0.01
5	2	0.5	Social	77	313	0.990415	0.198083	128	0.01
5	2	0.5	Social	78	223	0.874439	0.101794	79	0.01
5	2	0.5	Social	79	314	1	0.2	18	0.01
5	2	0.5	Social	80	227	0.898678	0.0898678	125	0.01
5	2	0.5	Social	81	306	0.970588	0.194118	231	0.01
5	2	0.5	Social	82	226	0.942478	0.0942478	43	0.01
5	2	0.5	Social	83	360	0.8	0.24	-1	0.01
5	2	0.5	Social	84	296	0.922297	0.184459	-1	0.01
5	2	0.5	Social	85	423	0.910165	0.27305	58	0.01
5	2	0.5	Social	86	408	0.92402	0.272794	-1	0.01
5	2	0.5	Social	87	314	0.929936	0.184076	149	0.01
5	2	0.5	Social	88	299	0.956522	0.191304	194	0.01
5	2	0.5	Social	89	319	1	0.194044	108	0.01
5	2	0.5	Social	90	222	0.995495	0.0995495	-1	0.01
5	2	0.5	Social	91	287	0.961672	0.192334	118	0.01
5	2	0.5	Social	92	325	0.870769	0.174154	100	0.01
5	2	0.5	Social	93	307	0.95114	0.192182	-1	0.01
5	2	0.5	Social	94	326	0.782209	0.233436	40	0.01
5	2	0.5	Social	95	316	1	0.2	64	0.01
5	2	0.5	Social	96	322	0.947205	0.189441	83	0.01
5	2	0.5	Social	97	302	1	0.2	19	0.01
5	2	0.5	Social	98	324	0.984568	0.196914	-1	0.01
5	2	0.5	Social	99	319	0.896552	0.23511	40	0.01
6	2	0.5	Social	0	283	0.996466	0.0996466	1460	0.01
6	2	0.5	Social	1	272	1	0.1	218	0.01
6	2	0.5	Social	2	290	0.975862	0.0975862	113	0.01
6	2	0.5	Social	3	389	0.982005	0.196401	-1	0.01
6	2	0.5	Social	4	359	0.860724	0.176045	82	0.01
6	2	0.5	Social	5	299	1	0.1	26	0.01
6	2	0.5	Social	6	267	1	0.1	1065	0.01
6	2	0.5	Social	7	285	0.936842	0.10807	40	0.01
6	2	0.5	Social	8	275	0.970909	0.0970909	269	0.01
6	2	0.5	Social	9	305	0.52459	0.104918	81	0.01
6	2	0.5	Social	10	359	0.877437	0.175487	375	0.01
6	2	0.5	Social	11	347	0.95389	0.190778	-1	0.01
6	2	0.5	Social	12	382	1	0.2	-1	0.01
6	2	0.5	Social	13	388	0.938144	0.189175	-1	0.01
6	2	0.5	Social	14	404	0.992574	0.198515	302	0.01
6	2	0.5	Social	15	349	0.833811	0.171347	-1	0.01
6	2	0.5	Social	16	348	0.893678	0.17931	44	0.01
6	2	0.5	Social	17	279	0.967742	0.0967742	-1	0.01
6	2	0.5	Social	18	391	0.98977	0.197954	41	0.01
6	2	0.5	Social	19	268	0.996269	0.0996269	108	0.01
6	2	0.5	Social	20	257	0.941634	0.0961089	172	0.01
6	2	0.5	Social	21	338	0.837278	0.167456	109	0.01
6	2	0.5	Social	22	335	0.904478	0.180896	135	0.01
6	2	0.5	Social	23	277	0.960289	0.0960289	84	0.01
6	2	0.5	Social	24	287	0.954704	0.0954704	-1	0.01
6	2	0.5	Social	25	400	0.97	0.194	68	0.01
6	2	0.5	Social	26	391	0.956522	0.191304	-1	0.01
6	2	0.5	Social	27	295	1	0.104068	813	0.01
6	2	0.5	Social	28	265	0.943396	0.0943396	266	0.01
6	2	0.5	Social	29	361	0.961219	0.194737	196	0.01
6	2	0.5	Social	30	361	0.944598	0.18892	232	0.01
6	2	0.5	Social	31	385	1	0.2	40	0.01
6	2	0.5	Social	32	301	0.996678	0.0996678	22	0.01
6	2	0.5	Social	33	377	0.846154	0.169231	335	0.01
6	2	0.5	Social	34	268	0.891791	0.0891791	352	0.01
6	2	0.5	Social	35	266	0.962406	0.0962406	316	0.01
6	2	0.5	Social	36	388	0.992268	0.198454	-1	0.01
6	2	0.5	Social	37	280	0.942857	0.0942857	155	0.01
6	2	0.5	Social	38	390	0.935897	0.187179	108	0.01
6	2	0.5	Social	39	360	0.947222	0.189444	-1	0.01
6	2	0.5	Social	40	379	0.997361	0.199472	432	0.01
6	2	0.5	Social	41	360	0.944444	0.188889	69	0.01
6	2	0.5	Social	42	291	0.996564	0.0996564	-1	0.01
6	2	0.5	Social	43	372	0.956989	0.191398	-1	0.01
6	2	0.5	Social	44	392	0.979592	0.195918	-1	0.01
6	2	0.5	Social	45	353	0.898017	0.179603	56	0.01
6	2	0.5	Social	46	277	0.909747	0.0909747	42	0.01
6	2	0.5	Social	47	300	0.983333	0.0983333	92	0.01
6	2	0.5	Social	48	275	0.916364	0.0916364	180	0.01
6	2	0.5	Social	49	375	0.944	0.1888	52	0.01
6	2	0.5	Social	50	303	0.970297	0.0970297	-1	0.01
6	2	0.5	Social	51	357	0.910364	0.182073	125	0.01
6	2	0.5	Social	52	341	0.88563	0.177126	48	0.01
6	2	0.5	Social	53	352	0.829545	0.165909	-1	0.01
6	2	0.5	Social	54	312	0.814103	0.162821	27	0.01
6	2	0.5	Social	55	335	0.785075	0.157015	21	0.01
6	2	0.5	Social	56	263	0.980989	0.0980989	154	0.01
6	2	0.5	Social	57	266	1	0.1	-1	0.01
6	2	0.5	Social	58	350	0.657143	0.136	42	0.01
6	2	0.5	Social	59	271	0.99262	0.099262	259	0.01
6	2	0.5	Social	60	314	0.729299	0.14586	144	0.01
6	2	0.5	Social	61	293	0.996587	0.0996587	-1	0.01
6	2	0.5	Social	62	361	0.556787	0.174238	191	0.01
6	2	0.5	Social	63	350	0.92	0.184	249	0.01
6	2	0.5	Social	64	293	0.959044	0.0959044	22	0.01
6	2	0.5	Social	65	331	0.900302	0.18006	-1	0.01
6	2	0.5	Social	66	269	0.929368	0.0929368	5	0.01
6	2	0.5	Social	67	362	0.939227	0.187845	402	0.01
6	2	0.5	Social	68	372	0.924731	0.184946	476	0.01
6	2	0.5	Social	69	301	0.817276	0.0817276	122	0.01
6	2	0.5	Social	70	365	0.975342	0.195068	600	0.01
6	2	0.5	Social	71	403	0.997519	0.199504	351	0.01
6	2	0.5	Social	72	283	0.939929	0.0939929	144	0.01
6	2	0.5	Social	73	293	0.955631	0.0955631	25	0.01
6	2	0.5	Social	74	388	0.953608	0.190722	108	0.01
6	2	0.5	Social	75	373	0.978552	0.19571	207	0.01
6	2	0.5	Social	76	359	0.972145	0.194429	65	0.01
6	2	0.5	Social	77	374	0.970588	0.196257	27	0.01
6	2	0.5	Social	78	378	0.928571	0.185714	-1	0.01
6	2	0.5	Social	79	327	0.911315	0.182263	219	0.01
6	2	0.5	Social	80	383	0.911227	0.182245	49	0.01
6	2	0.5	Social	81	374	0.949198	0.190374	42	0.01
6	2	0.5	Social	82	330	0.921212	0.184242	267	0.01
6	2	0.5	Social	83	370	0.886486	0.177297	-1	0.01
6	2	0.5	Social	84	453	0.863135	0.263797	119	0.01
6	2	0.5	Social	85	340	0.961765	0.192353	152	0.01
6	2	0.5	Social	86	270	0.885185	0.0885185	69	0.01
6	2	0.5	Social	87	271	0.937269	0.097048	598	0.01
6	2	0.5	Social	88	402	0.900498	0.1801	950	0.01
6	2	0.5	Social	89	377	0.997347	0.199469	124	0.01
6	2	0.5	Social	90	350	0.917143	0.183429	168	0.01
6	2	0.5	Social	91	372	0.975806	0.195161	-1	0.01
6	2	0.5	Social	92	355	0.833803	0.166761	-1	0.01
6	2	0.5	Social	93	360	0.913889	0.182778	95	0.01
6	2	0.5	Social	94	284	1	0.1	255	0.01
6	2	0.5	Social	95	383	0.921671	0.184334	215	0.01
6	2	0.5	Social	96	346	0.780347	0.156069	211	0.01
6	2	0.5	Social	97	361	1	0.2	-1	0.01
6	2	0.5	Social	98	283	0.904594	0.0904594	-1	0.01
6	2	0.5	Social	99	285	0.992982	0.0992982	626	0.01
7	2	0.5	Social	0	320	0.834375	0.0834375	602	0.01
7	2	0.5	Social	1	371	0.994609	0.0994609	1013	0.01
7	2	0.5	Social	2	387	0.731266	0.146253	42	0.01
7	2	0.5	Social	3	342	0.95614	0.095614	-1	0.01
7	2	0.5	Social	4	338	1	0.1	4985	0.01
7	2	0.5	Social	5	373	0.571046	0.11689	19	0.01
7	2	0.5	Social	6	452	0.915929	0.183186	279	0.01
7	2	0.5	Social	7	341	0.920821	0.0920821	825	0.01
7	2	0.5	Social	8	310	0.967742	0.0967742	83	0.01
7	2	0.5	Social	9	391	0.693095	0.139642	1054	0.01
7	2	0.5	Social	10	320	0.971875	0.0971875	258	0.01
7	2	0.5	Social	11	355	1	0.1	110	0.01
7	2	0.5	Social	12	371	0.77628	0.155256	1755	0.01
7	2	0.5	Social	13	347	1	0.1	135	0.01
7	2	0.5	Social	14	366	0.997268	0.0997268	23	0.01
7	2	0.5	Social	15	379	0.720317	0.145119	-1	0.01
7	2	0.5	Social	16	406	0.923645	0.157882	-1	0.01
7	2	0.5	Social	17	388	0.551546	0.110309	2403	0.01
7	2	0.5	Social	18	337	0.890208	0.0890208	63	0.01
7	2	0.5	Social	19	368	0.711957	0.150543	270	0.01
7	2	0.5	Social	20	389	0.732648	0.14653	1520	0.01
7	2	0.5	Social	21	378	0.801587	0.160317	-1	0.01
7	2	0.5	Social	22	344	0.965116	0.0965116	28	0.01
7	2	0.5	Social	23	326	0.641104	0.0641104	63	0.01
7	2	0.5	Social	24	400	0.675	0.135	215	0.01
7	2	0.5	Social	25	334	0.829341	0.0829341	243	0.01
7	2	0.5	Social	26	329	0.914894	0.103343	41	0.01
7	2	0.5	Social	27	385	0.545455	0.11013	503	0.01
7	2	0.5	Social	28	360	0.427778	0.108056	274	0.01
7	2	0.5	Social	29	466	0.879828	0.175966	151	0.01
7	2	0.5	Social	30	363	0.727273	0.147934	196	0.01
7	2	0.5	Social	31	343	0.921283	0.0921283	69	0.01
7	2	0.5	Social	32	383	0.908616	0.124021	103	0.01
7	2	0.5	Social	33	334	0.173653	0.0550898	1038	0.01
7	2	0.5	Social	34	345	0.962319	0.0962319	1222	0.01
7	2	0.5	Social	35	439	0.788155	0.157631	449	0.01
7	2	0.5	Social	36	346	0.971098	0.0971098	1009	0.01
7	2	0.5	Social	37	309	0.763754	0.0763754	45	0.01
7	2	0.5	Social	38	357	0.943978	0.0943978	81	0.01
7	2	0.5	Social	39	317	0.416404	0.0880126	348	0.01
7	2	0.5	Social	40	369	0.95935	0.098645	1239	0.01
7	2	0.5	Social	41	388	0.974227	0.121392	102	0.01
7	2	0.5	Social	42	431	0.930394	0.185151	625	0.01
7	2	0.5	Social	43	423	0.888889	0.177778	463	0.01
7	2	0.5	Social	44	332	0.933735	0.0933735	360	0.01
7	2	0.5	Social	45	353	0.994334	0.0994334	99	0.01
7	2	0.5	Social	46	329	0.951368	0.0951368	217	0.01
7	2	0.5	Social	47	406	0.795567	0.159113	316	0.01
7	2	0.5	Social	48	415	0.744578	0.148916	-1	0.01
7	2	0.5	Social	49	339	0.876106	0.0876106	756	0.01
7	2	0.5	Social	50	350	0.945714	0.0945714	60	0.01
7	2	0.5	Social	51	312	0.826923	0.0826923	495	0.01
7	2	0.5	Social	52	338	0.973373	0.0973373	32	0.01
7	2	0.5	Social	53	342	0.903509	0.0903509	278	0.01
7	2	0.5	Social	54	368	0.94837	0.094837	824	0.01
7	2	0.5	Social	55	353	0.810198	0.0810198	202	0.01
7	2	0.5	Social	56	404	0.923267	0.184653	1089	0.01
7	2	0.5	Social	57	460	0.917391	0.183478	357	0.01
7	2	0.5	Social	58	454	0.940529	0.188106	37	0.01
7	2	0.5	Social	59	369	0.766938	0.153388	-1	0.01
7	2	0.5	Social	60	354	0.99435	0.099435	74	0.01
7	2	0.5	Social	61	350	0.965714	0.0965714	4065	0.01
7	2	0.5	Social	62	430	0.746512	0.149767	492	0.01
7	2	0.5	Social	63	321	0.595016	0.0595016	989	0.01
7	2	0.5	Social	64	335	0.958209	0.0958209	-1	0.01
7	2	0.5	Social	65	411	0.890511	0.178102	36	0.01
7	2	0.5	Social	66	331	0.891239	0.0909366	329	0.01
7	2	0.5	Social	67	344	0.517442	0.103198	125	0.01
7	2	0.5	Social	68	351	0.900285	0.0900285	884	0.01
7	2	0.5	Social	69	316	0.572785	0.114557	1290	0.01
7	2	0.5	Social	70	443	0.792325	0.158465	349	0.01
7	2	0.5	Social	71	333	0.915916	0.0915916	869	0.01
7	2	0.5	Social	72	335	0.985075	0.0985075	865	0.01
7	2	0.5	Social	73	367	0.558583	0.112534	11	0.01
7	2	0.5	Social	74	362	0.991713	0.0991713	973	0.01
7	2	0.5	Social	75	374	0.612299	0.125668	603	0.01
7	2	0.5	Social	76	374	0.612299	0.12246	-1	0.01
7	2	0.5	Social	77	380	0.973684	0.0973684	219	0.01
7	2	0.5	Social	78	351	0.561254	0.112251	824	0.01
7	2	0.5	Social	79	329	0.957447	0.0957447	431	0.01
7	2	0.5	Social	80	345	0.872464	0.0872464	5	0.01
7	2	0.5	Social	81	336	0.866071	0.0866071	79	0.01
7	2	0.5	Social	82	327	0.975535	0.0975535	1347	0.01
7	2	0.5	Social	83	471	1	0.2	124	0.01
7	2	0.5	Social	84	317	0.290221	0.0564669	17	0.01
7	2	0.5	Social	85	348	0.899425	0.0899425	367	0.01
7	2	0.5	Social	86	358	0.980447	0.106983	919	0.01
7	2	0.5	Social	87	388	0.837629	0.167526	461	0.01
7	2	0.5	Social	88	355	0.938028	0.0938028	187	0.01
7	2	0.5	Social	89	329	0.914894	0.0914894	85	0.01
7	2	0.5	Social	90	435	0.747126	0.149425	415	0.01
7	2	0.5	Social	91	435	0.901149	0.18023	15	0.01
7	2	0.5	Social	92	401	0.685786	0.137157	69	0.01
7	2	0.5	Social	93	350	0.405714	0.0971429	733	0.01
7	2	0.5	Social	94	365	0.967123	0.0967123	485	0.01
7	2	0.5	Social	95	330	0.887879	0.0887879	-1	0.01
7	2	0.5	Social	96	332	0.840361	0.0840361	23	0.01
7	2	0.5	Social	97	343	0.921283	0.0921283	105	0.01
7	2	0.5	Social	98	408	0.801471	0.160049	1219	0.01
7	2	0.5	Social	99	381	0.813648	0.16273	261	0.01
8	2	0.5	Social	0	409	0.929095	0.0929095	5985	0.01
8	2	0.5	Social	1	416	0.536058	0.107212	9101	0.01
8	2	0.5	Social	2	400	0.9175	0.09175	516	0.01
8	2	0.5	Social	3	382	0.683246	0.0698953	6810	0.01
8	2	0.5	Social	4	375	0.642667	0.0677333	1209	0.01
8	2	0.5	Social	5	431	0.967517	0.0967517	4129	0.01
8	2	0.5	Social	6	345	0.147826	0.0446377	9749	0.01
8	2	0.5	Social	7	414	0.987923	0.0987923	9124	0.01
8	2	0.5	Social	8	357	0.148459	0.0330532	7499	0.01
8	2	0.5	Social	9	432	0.840278	0.0877315	1162	0.01
8	2	0.5	Social	10	398	0.924623	0.0924623	536	0.01
8	2	0.5	Social	11	428	0.96729	0.096729	3467	0.01
8	2	0.5	Social	12	424	1	0.1	520	0.01
8	2	0.5	Social	13	394	0.763959	0.0949239	20	0.01
8	2	0.5	Social	14	357	0.885154	0.0885154	-1	0.01
8	2	0.5	Social	15	422	0.966825	0.0981043	4229	0.01
8	2	0.5	Social	16	392	0.839286	0.0839286	2122	0.01
8	2	0.5	Social	17	366	0.546448	0.063388	895	0.01
8	2	0.5	Social	18	384	0.625	0.0625	1786	0.01
8	2	0.5	Social	19	372	0.653226	0.0653226	961	0.01
8	2	0.5	Social	20	363	0.600551	0.0600551	676	0.01
8	2	0.5	Social	21	366	0.729508	0.0729508	165	0.01
8	2	0.5	Social	22	427	1	0.1	-1	0.01
8	2	0.5	Social	23	387	0.49354	0.049354	72	0.01
8	2	0.5	Social	24	364	0.747253	0.0747253	11	0.01
8	2	0.5	Social	25	371	0.846361	0.0846361	518	0.01
8	2	0.5	Social	26	434	0.993088	0.0993088	913	0.01
8	2	0.5	Social	27	426	0.774648	0.0774648	3808	0.01
8	2	0.5	Social	28	416	0.834135	0.0891827	108	0.01
8	2	0.5	Social	29	393	0.62341	0.0643766	5268	0.01
8	2	0.5	Social	30	355	0.23662	0.0270423	523	0.01
8	2	0.5	Social	31	376	0.819149	0.0819149	1149	0.01
8	2	0.5	Social	32	383	0.882507	0.0882507	800	0.01
8	2	0.5	Social	33	360	0.533333	0.0588889	224	0.01
8	2	0.5	Social	34	421	0.847981	0.0947743	7781	0.01
8	2	0.5	Social	35	392	0.653061	0.0813776	192	0.01
8	2	0.5	Social	36	329	0.0820669	0.0240122	9967	0.01
8	2	0.5	Social	37	388	0.85567	0.085567	1102	0.01
8	2	0.5	Social	38	426	0.981221	0.0981221	1738	0.01
8	2	0.5	Social	39	369	0.907859	0.0918699	2083	0.01
8	2	0.5	Social	40	422	0.914692	0.0936019	3321	0.01
8	2	0.5	Social	41	385	0.838961	0.0838961	1707	0.01
8	2	0.5	Social	42	382	0.958115	0.0958115	596	0.01
8	2	0.5	Social	43	386	0.468912	0.0937824	8896	0.01
8	2	0.5	Social	44	397	0.926952	0.0926952	8387	0.01
8	2	0.5	Social	45	408	0.904412	0.092402	1734	0.01
8	2	0.5	Social	46	394	0.784264	0.0784264	1147	0.01
8	2	0.5	Social	47	406	0.945813	0.0945813	3903	0.01
8	2	0.5	Social	48	392	0.867347	0.0941327	4070	0.01
8	2	0.5	Social	49	430	0.52093	0.104186	215	0.01
8	2	0.5	Social	50	398	0.997487	0.0997487	4375	0.01
8	2	0.5	Social	51	422	0.954976	0.0954976	8558	0.01
8	2	0.5	Social	52	388	0.884021	0.0884021	-1	0.01
8	2	0.5	Social	53	409	0.90709	0.0958435	53	0.01
8	2	0.5	Social	54	405	0.945679	0.108395	882	0.01
8	2	0.5	Social	55	421	0.976247	0.0976247	7441	0.01
8	2	0.5	Social	56	399	0.989975	0.0989975	726	0.01
8	2	0.5	Social	57	414	0.980676	0.1	682	0.01
8	2	0.5	Social	58	397	0.914358	0.0914358	3427	0.01
8	2	0.5	Social	59	414	0.94686	0.094686	2398	0.01
8	2	0.5	Social	60	381	0.713911	0.0771654	8728	0.01
8	2	0.5	Social	61	408	0.963235	0.0963235	3698	0.01
8	2	0.5	Social	62	425	0.997647	0.0997647	4508	0.01
8	2	0.5	Social	63	399	0.954887	0.103509	224	0.01
8	2	0.5	Social	64	400	0.8925	0.08925	-1	0.01
8	2	0.5	Social	65	368	0.646739	0.0654891	9239	0.01
8	2	0.5	Social	66	396	0.969697	0.0969697	877	0.01
8	2	0.5	Social	67	418	0.988038	0.0997608	308	0.01
8	2	0.5	Social	68	391	0.976982	0.0976982	36	0.01
8	2	0.5	Social	69	404	0.925743	0.0925743	6664	0.01
8	2	0.5	Social	70	389	0.845758	0.0845758	3990	0.01
8	2	0.5	Social	71	350	0.737143	0.0762857	12	0.01
8	2	0.5	Social	72	417	0.827338	0.0827338	4993	0.01
8	2	0.5	Social	73	355	0.346479	0.036338	5422	0.01
8	2	0.5	Social	74	426	0.859155	0.0859155	113	0.01
8	2	0.5	Social	75	391	0.997442	0.0997442	2123	0.01
8	2	0.5	Social	76	400	0.6975	0.07025	6113	0.01
8	2	0.5	Social	77	391	0.69821	0.069821	-1	0.01
8	2	0.5	Social	78	413	0.975787	0.0975787	2831	0.01
8	2	0.5	Social	79	405	0.753086	0.0782716	3559	0.01
8	2	0.5	Social	80	355	0.594366	0.0608451	2274	0.01
8	2	0.5	Social	81	374	0.748663	0.0748663	166	0.01
8	2	0.5	Social	82	373	0.686327	0.0686327	159	0.01
8	2	0.5	Social	83	396	0.603535	0.120707	7052	0.01
8	2	0.5	Social	84	427	0.964871	0.0964871	269	0.01
8	2	0.5	Social	85	365	0.942466	0.0942466	1843	0.01
8	2	0.5	Social	86	368	0.51087	0.051087	140	0.01
8	2	0.5	Social	87	433	0.983834	0.0983834	3061	0.01
8	2	0.5	Social	88	383	0.981723	0.0981723	349	0.01
8	2	0.5	Social	89	407	0.886978	0.0886978	890	0.01
8	2	0.5	Social	90	430	0.95814	0.095814	7336	0.01
8	2	0.5	Social	91	414	0.94686	0.094686	3272	0.01
8	2	0.5	Social	92	416	0.947115	0.0947115	-1	0.01
8	2	0.5	Social	93	379	0.253298	0.0546174	2880	0.01
8	2	0.5	Social	94	413	0.987893	0.0987893	5250	0.01
8	2	0.5	Social	95	398	0.811558	0.0876884	1059	0.01
8	2	0.5	Social	96	403	0.473945	0.0915633	6354	0.01
8	2	0.5	Social	97	347	0	0	9999	0.01
8	2	0.5	Social	98	407	0.840295	0.0840295	7990	0.01
8	2	0.5	Social	99	427	0.522248	0.107026	138	0.01
9	2	0.5	Social	0	441	0.904762	0.0904762	3422	0.01
9	2	0.5	Social	1	417	0.601918	0.0601918	8123	0.01
9	2	0.5	Social	2	369	0.289973	0.0346883	1075	0.01
9	2	0.5	Social	3	417	0.688249	0.0688249	2151	0.01
9	2	0.5	Social	4	391	0.161125	0.0161125	5816	0.01
9	2	0.5	Social	5	385	0.181818	0.0181818	8194	0.01
9	2	0.5	Social	6	370	0.235135	0.0235135	3268	0.01
9	2	0.5	Social	7	395	0.524051	0.0541772	6920	0.01
9	2	0.5	Social	8	406	0.293103	0.0337438	3175	0.01
9	2	0.5	Social	9	427	0.285714	0.0580796	9529	0.01
9	2	0.5	Social	10	457	0.890591	0.0890591	4779	0.01
9	2	0.5	Social	11	393	0.170483	0.0366412	8433	0.01
9	2	0.5	Social	12	401	0.0349127	0.0149626	532	0.01
9	2	0.5	Social	13	396	0.0126263	0.00656566	9945	0.01
9	2	0.5	Social	14	370	0.0324324	0.00972973	9622	0.01
9	2	0.5	Social	15	373	0.0563003	0.0230563	9821	0.01
9	2	0.5	Social	16	402	0.0348259	0.0176617	9948	0.01
9	2	0.5	Social	17	369	0.00542005	0.000542005	9959	0.01
9	2	0.5	Social	18	452	0.95354	0.095354	8814	0.01
9	2	0.5	Social	19	407	0.285012	0.029484	2180	0.01
9	2	0.5	Social	20	370	0.0945946	0.0359459	9816	0.01
9	2	0.5	Social	21	359	0.0111421	0.00724234	9996	0.01
9	2	0.5	Social	22	460	0.693478	0.0802174	8272	0.01
9	2	0.5	Social	23	450	0.893333	0.0893333	6587	0.01
9	2	0.5	Social	24	462	0.835498	0.0835498	5891	0.01
9	2	0.5	Social	25	432	0.37963	0.0488426	6589	0.01
9	2	0.5	Social	26	421	0.187648	0.0574822	9889	0.01
9	2	0.5	Social	27	443	0.945824	0.100451	8428	0.01
9	2	0.5	Social	28	423	0.938534	0.0938534	8739	0.01
9	2	0.5	Social	29	386	0.0336788	0.00699482	9803	0.01
9	2	0.5	Social	30	391	0.29156	0.0337596	9875	0.01
9	2	0.5	Social	31	375	0.0106667	0.00426667	9752	0.01
9	2	0.5	Social	32	357	0	0	9999	0.01
9	2	0.5	Social	33	366	0.131148	0.0172131	9341	0.01
9	2	0.5	Social	34	389	0.0874036	0.0226221	9943	0.01
9	2	0.5	Social	35	480	0.989583	0.0989583	6958	0.01
9	2	0.5	Social	36	348	0.00287356	0.00258621	9990	0.01
9	2	0.5	Social	37	393	0.0152672	0.00610687	9652	0.01
9	2	0.5	Social	38	418	0.648325	0.0648325	3615	0.01
9	2	0.5	Social	39	409	0.273839	0.0430318	9870	0.01
9	2	0.5	Social	40	359	0.00557103	0.00445682	9990	0.01
9	2	0.5	Social	41	370	0.0945946	0.0381081	9937	0.01
9	2	0.5	Social	42	367	0.013624	0.00217984	9924	0.01
9	2	0.5	Social	43	401	0.341646	0.0418953	104	0.01
9	2	0.5	Social	44	457	0.859956	0.0859956	4906	0.01
9	2	0.5	Social	45	476	1	0.1	8523	0.01
9	2	0.5	Social	46	483	0.962733	0.0962733	2838	0.01
9	2	0.5	Social	47	387	0.0103359	0.00801034	9276	0.01
9	2	0.5	Social	48	365	0.0109589	0.0060274	9973	0.01
9	2	0.5	Social	49	425	0.562353	0.0630588	4776	0.01
9	2	0.5	Social	50	427	0.320843	0.0667447	4453	0.01
9	2	0.5	Social	51	393	0.00254453	0.00203562	9994	0.01
9	2	0.5	Social	52	450	0.56	0.0586667	4899	0.01
9	2	0.5	Social	53	394	0.0203046	0.00609137	9992	0.01
9	2	0.5	Social	54	361	0.0277008	0.00969529	9871	0.01
9	2	0.5	Social	55	382	0.065445	0.0209424	9929	0.01
9	2	0.5	Social	56	472	0.987288	0.0987288	7619	0.01
9	2	0.5	Social	57	439	0.410023	0.0826879	9801	0.01
9	2	0.5	Social	58	380	0.0894737	0.0163158	9840	0.01
9	2	0.5	Social	59	396	0	0	9999	0.01
9	2	0.5	Social	60	428	0.268692	0.0530374	790	0.01
9	2	0.5	Social	61	440	0.85	0.085	6759	0.01
9	2	0.5	Social	62	391	0.450128	0.0462916	8844	0.01
9	2	0.5	Social	63	355	0.0112676	0.00732394	9948	0.01
9	2	0.5	Social	64	428	0.843458	0.0843458	7080	0.01
9	2	0.5	Social	65	459	0.960784	0.0960784	3542	0.01
9	2	0.5	Social	66	387	0.00516796	0.00206718	1231	0.01
9	2	0.5	Social	67	375	0.024	0.0096	9966	0.01
9	2	0.5	Social	68	410	0.582927	0.0604878	6713	0.01
9	2	0.5	Social	69	408	0.720588	0.0720588	2140	0.01
9	2	0.5	Social	70	402	0.0223881	0.00223881	9956	0.01
9	2	0.5	Social	71	383	0.501305	0.0527415	8957	0.01
9	2	0.5	Social	72	412	0.281553	0.0519417	9888	0.01
9	2	0.5	Social	73	386	0.0103627	0.00569948	9963	0.01
9	2	0.5	Social	74	460	0.773913	0.0773913	5540	0.01
9	2	0.5	Social	75	394	0.0279188	0.0134518	4805	0.01
9	2	0.5	Social	76	358	0.0139665	0.00726257	9500	0.01
9	2	0.5	Social	77	387	0.173127	0.0204134	7763	0.01
9	2	0.5	Social	78	351	0.011396	0.0034188	9987	0.01
9	2	0.5	Social	79	394	0.0203046	0.00634518	9981	0.01
9	2	0.5	Social	80	374	0.026738	0.00561497	9906	0.01
9	2	0.5	Social	81	430	0.472093	0.0472093	8781	0.01
9	2	0.5	Social	82	425	0.376471	0.0472941	2380	0.01
9	2	0.5	Social	83	401	0.0299252	0.0139651	9971	0.01
9	2	0.5	Social	84	385	0.127273	0.018961	2162	0.01
9	2	0.5	Social	85	350	0.00285714	0.00142857	9993	0.01
9	2	0.5	Social	86	469	0.889126	0.0889126	6595	0.01
9	2	0.5	Social	87	411	0.0754258	0.0116788	9912	0.01
9	2	0.5	Social	88	390	0.189744	0.0541026	9643	0.01
9	2	0.5	Social	89	448	0.602679	0.0602679	1264	0.01
9	2	0.5	Social	90	366	0.00819672	0.00491803	9992	0.01
9	2	0.5	Social	91	360	0.0111111	0.01	9953	0.01
9	2	0.5	Social	92	420	0.72381	0.072381	6642	0.01
9	2	0.5	Social	93	354	0	0	9999	0.01
9	2	0.5	Social	94	457	0.967177	0.0967177	9216	0.01
9	2	0.5	Social	95	466	0.991416	0.0991416	7899	0.01
9	2	0.5	Social	96	403	0.362283	0.053598	2189	0.01
9	2	0.5	Social	97	404	0.376238	0.0413366	8000	0.01
9	2	0.5	Social	98	407	0.135135	0.0420147	9696	0.01
9	2	0.5	Social	99	363	0.0247934	0.00495868	9748	0.01
10	2	0.5	Social	0	413	0.00726392	0.00290557	9992	0.01
10	2	0.5	Social	1	423	0	0	9999	0.01
10	2	0.5	Social	2	397	0.0428212	0.013602	9906	0.01
10	2	0.5	Social	3	441	0.0204082	0.00952381	9932	0.01
10	2	0.5	Social	4	453	0.116998	0.0233996	9692	0.01
10	2	0.5	Social	5	413	0.0799031	0.00992736	9683	0.01
10	2	0.5	Social	6	418	0.0191388	0.00311005	9928	0.01
10	2	0.5	Social	7	438	0.0273973	0.0105023	9976	0.01
10	2	0.5	Social	8	445	0.0224719	0.00853933	9975	0.01
10	2	0.5	Social	9	447	0.01566	0.00626398	9881	0.01
10	2	0.5	Social	10	412	0.00728155	0.00291262	9992	0.01
10	2	0.5	Social	11	402	0.00497512	0.0039801	9996	0.01
10	2	0.5	Social	12	437	0.0457666	0.0100686	9955	0.01
10	2	0.5	Social	13	415	0.00481928	0.00289157	9995	0.01
10	2	0.5	Social	14	397	0.0251889	0.0110831	9804	0.01
10	2	0.5	Social	15	447	0.00671141	0.00447427	9995	0.01
10	2	0.5	Social	16	422	0	0	9999	0.01
10	2	0.5	Social	17	416	0.00240385	0.00216346	9983	0.01
10	2	0.5	Social	18	433	0.0785219	0.0226328	9958	0.01
10	2	0.5	Social	19	482	0.66805	0.0692946	9272	0.01
10	2	0.5	Social	20	407	0.031941	0.012285	9893	0.01
10	2	0.5	Social	21	419	0.00238663	0.000954654	9896	0.01
10	2	0.5	Social	22	428	0.00700935	0.00490654	9993	0.01
10	2	0.5	Social	23	434	0	0	9999	0.01
10	2	0.5	Social	24	487	0.420945	0.0420945	9340	0.01
10	2	0.5	Social	25	438	0.0913242	0.0109589	8471	0.01
10	2	0.5	Social	26	455	0.153846	0.0248352	8699	0.01
10	2	0.5	Social	27	448	0.238839	0.034375	9450	0.01
10	2	0.5	Social	28	408	0.00980392	0.00245098	9993	0.01
10	2	0.5	Social	29	431	0.00232019	0.00116009	9998	0.01
10	2	0.5	Social	30	422	0.0118483	0.00781991	9973	0.01
10	2	0.5	Social	31	446	0.195067	0.0213004	9525	0.01
10	2	0.5	Social	32	422	0.104265	0.0118483	9800	0.01
10	2	0.5	Social	33	471	0.0233546	0.00955414	9750	0.01
10	2	0.5	Social	34	435	0.372414	0.0416092	8341	0.01
10	2	0.5	Social	35	443	0.0112867	0.00383747	9946	0.01
10	2	0.5	Social	36	429	0.11655	0.011655	9573	0.01
10	2	0.5	Social	37	422	0	0	9999	0.01
10	2	0.5	Social	38	429	0.0582751	0.0237762	9908	0.01
10	2	0.5	Social	39	415	0	0	9999	0.01
10	2	0.5	Social	40	454	0.0110132	0.00440529	9781	0.01
10	2	0.5	Social	41	470	0.0148936	0.00638298	9992	0.01
10	2	0.5	Social	42	433	0.103926	0.0249423	9200	0.01
10	2	0.5	Social	43	430	0.00465116	0.00232558	9982	0.01
10	2	0.5	Social	44	455	0.32967	0.0384615	9667	0.01
10	2	0.5	Social	45	406	0.0147783	0.0133005	9982	0.01
10	2	0.5	Social	46	435	0.0551724	0.0105747	9873	0.01
10	2	0.5	Social	47	412	0.00485437	0.000970874	9967	0.01
10	2	0.5	Social	48	408	0	0	9999	0.01
10	2	0.5	Social	49	418	0.00956938	0.00287081	9996	0.01
10	2	0.5	Social	50	429	0.002331	0.000699301	9998	0.01
10	2	0.5	Social	51	402	0.0721393	0.0149254	9965	0.01
10	2	0.5	Social	52	413	0.0121065	0.00387409	9993	0.01
10	2	0.5	Social	53	452	0.0619469	0.0176991	9732	0.01
10	2	0.5	Social	54	431	0.062645	0.0183295	9926	0.01
10	2	0.5	Social	55	491	0.313646	0.0313646	9767	0.01
10	2	0.5	Social	56	426	0.0164319	0.00938967	9981	0.01
10	2	0.5	Social	57	424	0.240566	0.0240566	9190	0.01
10	2	0.5	Social	58	416	0.00240385	0.00144231	9995	0.01
10	2	0.5	Social	59	375	0.008	0.0072	9976	0.01
10	2	0.5	Social	60	447	0.0111857	0.00894855	9704	0.01
10	2	0.5	Social	61	407	0	0	9999	0.01
10	2	0.5	Social	62	426	0.0234742	0.00985915	9624	0.01
10	2	0.5	Social	63	413	0.00726392	0.00217918	9962	0.01
10	2	0.5	Social	64	499	0.653307	0.0687375	8814	0.01
10	2	0.5	Social	65	443	0.0112867	0.00361174	9888	0.01
10	2	0.5	Social	66	437	0.0755149	0.0267735	9935	0.01
10	2	0.5	Social	67	424	0.00471698	0.00306604	9996	0.01
10	2	0.5	Social	68	425	0.0423529	0.0131765	9529	0.01
10	2	0.5	Social	69	433	0.00461894	0.00184758	9876	0.01
10	2	0.5	Social	70	412	0	0	9999	0.01
10	2	0.5	Social	71	420	0.0142857	0.0047619	9959	0.01
10	2	0.5	Social	72	441	0.0136054	0.00793651	9987	0.01
10	2	0.5	Social	73	432	0.268519	0.0268519	9333	0.01
10	2	0.5	Social	74	382	0.0078534	0.00340314	9876	0.01
10	2	0.5	Social	75	451	0.157428	0.0157428	9716	0.01
10	2	0.5	Social	76	472	0.29661	0.0347458	8964	0.01
10	2	0.5	Social	77	395	0.0126582	0.00405063	9988	0.01
10	2	0.5	Social	78	435	0.0252874	0.0101149	9979	0.01
10	2	0.5	Social	79	400	0.0025	0.00125	9973	0.01
10	2	0.5	Social	80	453	0.375276	0.0375276	9152	0.01
10	2	0.5	Social	81	445	0.382022	0.0388764	9034	0.01
10	2	0.5	Social	82	426	0.0328638	0.00985915	9989	0.01
10	2	0.5	Social	83	422	0.0118483	0.0049763	9960	0.01
10	2	0.5	Social	84	427	0.185012	0.0416862	9872	0.01
10	2	0.5	Social	85	433	0.00692841	0.00484988	9992	0.01
10	2	0.5	Social	86	452	0	0	9999	0.01
10	2	0.5	Social	87	400	0.0225	0.00325	9992	0.01
10	2	0.5	Social	88	446	0.0381166	0.0139013	9966	0.01
10	2	0.5	Social	89	432	0.00462963	0.00138889	9996	0.01
10	2	0.5	Social	90	427	0.00936768	0.00327869	9924	0.01
10	2	0.5	Social	91	485	0.414433	0.0463918	8563	0.01
10	2	0.5	Social	92	441	0.0272109	0.00816327	9926	0.01
10	2	0.5	Social	93	444	0.0135135	0.00518018	9956	0.01
10	2	0.5	Social	94	410	0.0146341	0.00731707	9973	0.01
10	2	0.5	Social	95	447	0.0894855	0.0275168	9969	0.01
10	2	0.5	Social	96	433	0.0969977	0.0200924	9671	0.01
10	2	0.5	Social	97	430	0.00465116	0.00186047	9967	0.01
10	2	0.5	Social	98	417	0.00719424	0.00239808	9992	0.01
10	2	0.5	Social	99	418	0.00478469	0.00430622	9986	0.01
11	2	0.5	Social	0	456	0.0263158	0.0105263	9985	0.01
11	2	0.5	Social	1	462	0.00649351	0.0047619	9995	0.01
11	2	0.5	Social	2	453	0.0507726	0.00860927	9899	0.01
11	2	0.5	Social	3	484	0.0433884	0.0113636	9939	0.01
11	2	0.5	Social	4	429	0.002331	0.0004662	9927	0.01
11	2	0.5	Social	5	465	0.0967742	0.0122581	9416	0.01
11	2	0.5	Social	6	451	0.0133038	0.0101996	9990	0.01
11	2	0.5	Social	7	471	0.212314	0.0212314	9779	0.01
11	2	0.5	Social	8	463	0.00431965	0.00194384	9998	0.01
11	2	0.5	Social	9	490	0.0183673	0.0055102	9726	0.01
11	2	0.5	Social	10	480	0.05	0.00833333	9338	0.01
11	2	0.5	Social	11	431	0.0440835	0.0116009	9534	0.01
11	2	0.5	Social	12	506	0.0355731	0.00750988	9886	0.01
11	2	0.5	Social	13	448	0.0245536	0.009375	9962	0.01
11	2	0.5	Social	14	469	0.00426439	0.00341151	9974	0.01
11	2	0.5	Social	15	486	0.0555556	0.00761317	9515	0.01
11	2	0.5	Social	16	477	0.0293501	0.00796646	9926	0.01
11	2	0.5	Social	17	450	0.0155556	0.00555556	9995	0.01
11	2	0.5	Social	18	468	0.0192308	0.00769231	9966	0.01
11	2	0.5	Social	19	459	0.0108932	0.00653595	9983	0.01
11	2	0.5	Social	20	467	0.0578158	0.00578158	9448	0.01
11	2	0.5	Social	21	458	0.0240175	0.00283843	9989	0.01
11	2	0.5	Social	22	469	0.00639659	0.00341151	9944	0.01
11	2	0.5	Social	23	472	0	0	9999	0.01
11	2	0.5	Social	24	502	0.00796813	0.00239044	9975	0.01
11	2	0.5	Social	25	474	0.0991561	0.00991561	9198	0.01
11	2	0.5	Social	26	463	0.0107991	0.00367171	9764	0.01
11	2	0.5	Social	27	461	0.0238612	0.0143167	9931	0.01
11	2	0.5	Social	28	472	0.0127119	0.00508475	9977	0.01
11	2	0.5	Social	29	480	0	0	9999	0.01
11	2	0.5	Social	30	485	0.0247423	0.00886598	9877	0.01
11	2	0.5	Social	31	457	0.0634573	0.00678337	9321	0.01
11	2	0.5	Social	32	477	0.0314465	0.0033543	9686	0.01
11	2	0.5	Social	33	499	0	0	9999	0.01
11	2	0.5	Social	34	482	0.107884	0.0118257	7983	0.01
11	2	0.5	Social	35	477	0.0167715	0.0109015	9928	0.01
11	2	0.5	Social	36	451	0.0243902	0.00243902	9966	0.01
11	2	0.5	Social	37	456	0	0	9999	0.01
11	2	0.5	Social	38	440	0.0590909	0.0122727	9846	0.01
11	2	0.5	Social	39	469	0.00426439	0.00298507	9971	0.01
11	2	0.5	Social	40	457	0	0	9999	0.01
11	2	0.5	Social	41	450	0.00222222	0.00177778	9992	0.01
11	2	0.5	Social	42	491	0.228106	0.0240326	9569	0.01
11	2	0.5	Social	43	486	0.0473251	0.0063786	9875	0.01
11	2	0.5	Social	44	465	0.00215054	0.00172043	9996	0.01
11	2	0.5	Social	45	448	0.00223214	0.000892857	9819	0.01
11	2	0.5	Social	46	448	0.142857	0.0241071	9874	0.01
11	2	0.5	Social	47	448	0.116071	0.0125	9836	0.01
11	2	0.5	Social	48	464	0.00215517	0.00107759	9998	0.01
11	2	0.5	Social	49	435	0.0114943	0.00390805	9987	0.01
11	2	0.5	Social	50	506	0.00395257	0.00217391	9981	0.01
11	2	0.5	Social	51	469	0.00639659	0.00127932	9841	0.01
11	2	0.5	Social	52	521	0.0383877	0.0159309	9948	0.01
11	2	0.5	Social	53	480	0.00625	0.0025	9948	0.01
11	2	0.5	Social	54	481	0.014553	0.00686071	9964	0.01
11	2	0.5	Social	55	452	0.0464602	0.00995575	9943	0.01
11	2	0.5	Social	56	505	0.0118812	0.0039604	9881	0.01
11	2	0.5	Social	57	513	0.382066	0.0382066	9597	0.01
11	2	0.5	Social	58	479	0.00208768	0.000835073	9988	0.01
11	2	0.5	Social	59	495	0.0282828	0.0115152	9956	0.01
11	2	0.5	Social	60	455	0	0	9999	0.01
11	2	0.5	Social	61	491	0.00203666	0.000203666	9998	0.01
11	2	0.5	Social	62	483	0.0434783	0.0217391	9910	0.01
11	2	0.5	Social	63	441	0.0136054	0.00589569	9953	0.01
11	2	0.5	Social	64	499	0.0781563	0.0138277	9770	0.01
11	2	0.5	Social	65	448	0.00669643	0.00200893	9995	0.01
11	2	0.5	Social	66	467	0.17773	0.0203426	8825	0.01
11	2	0.5	Social	67	459	0.0043573	0.00348584	9993	0.01
11	2	0.5	Social	68	498	0	0	9999	0.01
11	2	0.5	Social	69	470	0.0106383	0.00553191	9994	0.01
11	2	0.5	Social	70	478	0.0920502	0.015272	9838	0.01
11	2	0.5	Social	71	512	0.0488281	0.0128906	9941	0.01
11	2	0.5	Social	72	481	0	0	9999	0.01
11	2	0.5	Social	73	475	0.00210526	0.00105263	9994	0.01
11	2	0.5	Social	74	466	0.0472103	0.0171674	9687	0.01
11	2	0.5	Social	75	488	0.00204918	0.000204918	9996	0.01
11	2	0.5	Social	76	502	0.0119522	0.00557769	9992	0.01
11	2	0.5	Social	77	479	0.0104384	0.00375783	9934	0.01
11	2	0.5	Social	78	431	0.00696056	0.00208817	9979	0.01
11	2	0.5	Social	79	493	0	0	9999	0.01
11	2	0.5	Social	80	460	0.00434783	0.00173913	9959	0.01
11	2	0.5	Social	81	462	0.047619	0.00541126	9663	0.01
11	2	0.5	Social	82	470	0.0106383	0.00170213	9964	0.01
11	2	0.5	Social	83	446	0.00672646	0.00403587	9989	0.01
11	2	0.5	Social	84	442	0.00452489	0.00135747	9951	0.01
11	2	0.5	Social	85	448	0.0267857	0.00982143	9948	0.01
11	2	0.5	Social	86	495	0.0363636	0.0183838	9919	0.01
11	2	0.5	Social	87	456	0.0328947	0.00328947	9922	0.01
11	2	0.5	Social	88	473	0.0190275	0.00359408	9954	0.01
11	2	0.5	Social	89	464	0.00862069	0.00366379	9985	0.01
11	2	0.5	Social	90	427	0.0117096	0.00515222	8944	0.01
11	2	0.5	Social	91	449	0.0155902	0.00935412	9954	0.01
11	2	0.5	Social	92	493	0.0141988	0.00953347	9899	0.01
11	2	0.5	Social	93	466	0.0150215	0.00708155	9508	0.01
11	2	0.5	Social	94	469	0.010661	0.00362473	9817	0.01
11	2	0.5	Social	95	443	0.0112867	0.00451467	9920	0.01
11	2	0.5	Social	96	496	0.00201613	0.00100806	9995	0.01
11	2	0.5	Social	97	470	0.0425532	0.0161702	9939	0.01
11	2	0.5	Social	98	454	0.0242291	0.00660793	9929	0.01
11	2	0.5	Social	99	481	0.00831601	0.004158	9985	0.01
12	2	0.5	Social	0	516	0.00581395	0.00155039	9967	0.01
12	2	0.5	Social	1	499	0	0	9999	0.01
12	2	0.5	Social	2	506	0.0296443	0.00948617	9947	0.01
12	2	0.5	Social	3	512	0.00585938	0.00273437	9972	0.01
12	2	0.5	Social	4	506	0.00988142	0.00237154	9982	0.01
12	2	0.5	Social	5	528	0.00378788	0.00132576	9997	0.01
12	2	0.5	Social	6	491	0.00610998	0.00203666	9949	0.01
12	2	0.5	Social	7	525	0.00190476	0.00152381	9997	0.01
12	2	0.5	Social	8	527	0.0436433	0.0056926	9835	0.01
12	2	0.5	Social	9	536	0.0205224	0.00652985	9916	0.01
12	2	0.5	Social	10	529	0	0	9999	0.01
12	2	0.5	Social	11	513	0.0233918	0.0037037	9987	0.01
12	2	0.5	Social	12	532	0.0958647	0.00958647	9911	0.01
12	2	0.5	Social	13	542	0.00369004	0.00166052	9752	0.01
12	2	0.5	Social	14	515	0.00776699	0.00368932	9986	0.01
12	2	0.5	Social	15	506	0.013834	0.00494071	9734	0.01
12	2	0.5	Social	16	504	0.119048	0.0130952	9722	0.01
12	2	0.5	Social	17	519	0.00385356	0.0017341	9989	0.01
12	2	0.5	Social	18	499	0.00400802	0.0012024	9982	0.01
12	2	0.5	Social	19	506	0.00395257	0.00158103	9871	0.01
12	2	0.5	Social	20	537	0.0353818	0.00521415	9925	0.01
12	2	0.5	Social	21	543	0.00552486	0.00331492	9923	0.01
12	2	0.5	Social	22	536	0.0205224	0.0201493	9990	0.01
12	2	0.5	Social	23	535	0.0149533	0.0125234	9990	0.01
12	2	0.5	Social	24	509	0.0196464	0.0021611	9861	0.01
12	2	0.5	Social	25	520	0.0173077	0.00480769	9826	0.01
12	2	0.5	Social	26	504	0.00198413	0.00119048	9845	0.01
12	2	0.5	Social	27	533	0.00187617	0.000750469	9996	0.01
12	2	0.5	Social	28	525	0.0342857	0.00361905	9908	0.01
12	2	0.5	Social	29	490	0.00408163	0.000408163	9991	0.01
12	2	0.5	Social	30	519	0	0	9999	0.01
12	2	0.5	Social	31	527	0.00379507	0.000379507	9989	0.01
12	2	0.5	Social	32	474	0.00843882	0.00316456	9963	0.01
12	2	0.5	Social	33	503	0.00795229	0.00497018	9985	0.01
12	2	0.5	Social	34	496	0.0221774	0.00362903	9399	0.01
12	2	0.5	Social	35	515	0.0135922	0.00427184	9986	0.01
12	2	0.5	Social	36	502	0.063745	0.0175299	9956	0.01
12	2	0.5	Social	37	486	0	0	9999	0.01
12	2	0.5	Social	38	518	0.015444	0.00733591	9986	0.01
12	2	0.5	Social	39	531	0.0112994	0.00301318	9910	0.01
12	2	0.5	Social	40	536	0.00186567	0.0016791	9997	0.01
12	2	0.5	Social	41	459	0.00653595	0.000653595	9981	0.01
12	2	0.5	Social	42	532	0.298872	0.0315789	8977	0.01
12	2	0.5	Social	43	514	0.0194553	0.00194553	9866	0.01
12	2	0.5	Social	44	540	0.174074	0.0248148	9888	0.01
12	2	0.5	Social	45	518	0.019305	0.00907336	9965	0.01
12	2	0.5	Social	46	486	0	0	9999	0.01
12	2	0.5	Social	47	561	0.15508	0.0188948	9783	0.01
12	2	0.5	Social	48	507	0.00394477	0.00236686	9996	0.01
12	2	0.5	Social	49	490	0.00408163	0.00285714	9994	0.01
12	2	0.5	Social	50	519	0.0289017	0.00481696	9585	0.01
12	2	0.5	Social	51	504	0.0138889	0.00793651	9963	0.01
12	2	0.5	Social	52	527	0.0341556	0.00948767	9982	0.01
12	2	0.5	Social	53	513	0.00974659	0.00409357	9816	0.01
12	2	0.5	Social	54	496	0.00201613	0.000201613	9975	0.01
12	2	0.5	Social	55	502	0	0	9999	0.01
12	2	0.5	Social	56	521	0	0	9999	0.01
12	2	0.5	Social	57	501	0	0	9999	0.01
12	2	0.5	Social	58	529	0.0283554	0.0141777	9978	0.01
12	2	0.5	Social	59	517	0.00773694	0.00696325	9996	0.01
12	2	0.5	Social	60	504	0.0119048	0.00238095	9968	0.01
12	2	0.5	Social	61	517	0.032882	0.00773694	9810	0.01
12	2	0.5	Social	62	524	0.0381679	0.0131679	9976	0.01
12	2	0.5	Social	63	539	0.0278293	0.0115028	9865	0.01
12	2	0.5	Social	64	511	0.00587084	0.00117417	9993	0.01
12	2	0.5	Social	65	508	0.0472441	0.00944882	9657	0.01
12	2	0.5	Social	66	542	0.0276753	0.00682657	9929	0.01
12	2	0.5	Social	67	534	0.00749064	0.0071161	9988	0.01
12	2	0.5	Social	68	545	0.00366972	0.000550459	9973	0.01
12	2	0.5	Social	69	491	0.0101833	0.00224033	9889	0.01
12	2	0.5	Social	70	531	0.00376648	0.00244821	9979	0.01
12	2	0.5	Social	71	515	0.00194175	0.00194175	9998	0.01
12	2	0.5	Social	72	500	0	0	9999	0.01
12	2	0.5	Social	73	538	0.00743494	0.00204461	9665	0.01
12	2	0.5	Social	74	510	0.0196078	0.00921569	9980	0.01
12	2	0.5	Social	75	561	0.057041	0.00641711	9858	0.01
12	2	0.5	Social	76	535	0.0149533	0.00598131	9969	0.01
12	2	0.5	Social	77	526	0	0	9999	0.01
12	2	0.5	Social	78	526	0.0095057	0.00627376	9924	0.01
12	2	0.5	Social	79	494	0.00202429	0.000809717	9996	0.01
12	2	0.5	Social	80	524	0.00381679	0.00381679	9994	0.01
12	2	0.5	Social	81	480	0	0	9999	0.01
12	2	0.5	Social	82	520	0.0153846	0.00692308	9950	0.01
12	2	0.5	Social	83	522	0.00191571	0.000383142	9886	0.01
12	2	0.5	Social	84	492	0.0142276	0.00386179	9974	0.01
12	2	0.5	Social	85	525	0.0114286	0.00228571	9982	0.01
12	2	0.5	Social	86	548	0.0748175	0.00748175	9329	0.01
12	2	0.5	Social	87	514	0.0486381	0.00661479	9551	0.01
12	2	0.5	Social	88	505	0.00990099	0.000990099	9972	0.01
12	2	0.5	Social	89	501	0.0399202	0.00658683	9959	0.01
12	2	0.5	Social	90	501	0.0938124	0.0121756	9696	0.01
12	2	0.5	Social	91	520	0.00192308	0.000192308	9596	0.01
12	2	0.5	Social	92	538	0.00743494	0.00464684	9988	0.01
12	2	0.5	Social	93	506	0.167984	0.0181818	9357	0.01
12	2	0.5	Social	94	497	0.0120724	0.0056338	9996	0.01
12	2	0.5	Social	95	514	0.0136187	0.0077821	9805	0.01
12	2	0.5	Social	96	498	0.0140562	0.00140562	9988	0.01
12	2	0.5	Social	97	551	0.0163339	0.00653358	9909	0.01
12	2	0.5	Social	98	541	0.00739372	0.00221811	9964	0.01
12	2	0.5	Social	99	502	0.0059761	0.00478088	9898	0.01
13	2	0.5	Social	0	563	0.0426288	0.00586146	9320	0.01
13	2	0.5	Social	1	588	0.0119048	0.00391156	9992	0.01
13	2	0.5	Social	2	582	0.0309278	0.00927835	9880	0.01
13	2	0.5	Social	3	561	0.00713012	0.00249554	9986	0.01
13	2	0.5	Social	4	572	0.0402098	0.0162587	9399	0.01
13	2	0.5	Social	5	567	0.015873	0.00687831	9867	0.01
13	2	0.5	Social	6	561	0.00713012	0.00392157	9991	0.01
13	2	0.5	Social	7	567	0.037037	0.00740741	9920	0.01
13	2	0.5	Social	8	586	0.0546075	0.0163823	9933	0.01
13	2	0.5	Social	9	566	0.00353357	0.00123675	9991	0.01
13	2	0.5	Social	10	559	0.0858676	0.00930233	9681	0.01
13	2	0.5	Social	11	540	0	0	9999	0.01
13	2	0.5	Social	12	561	0.00534759	0.00249554	9958	0.01
13	2	0.5	Social	13	591	0.0321489	0.0103215	9930	0.01
13	2	0.5	Social	14	553	0.0361664	0.00759494	9766	0.01
13	2	0.5	Social	15	536	0.00746269	0.00279851	9988	0.01
13	2	0.5	Social	16	592	0.0152027	0.00574324	9962	0.01
13	2	0.5	Social	17	541	0	0	9999	0.01
13	2	0.5	Social	18	571	0.0105079	0.00525394	9787	0.01
13	2	0.5	Social	19	537	0.00558659	0.00465549	9921	0.01
13	2	0.5	Social	20	552	0.0126812	0.00326087	9936	0.01
13	2	0.5	Social	21	573	0.017452	0.00977312	9989	0.01
13	2	0.5	Social	22	544	0.00183824	0.00110294	9998	0.01
13	2	0.5	Social	23	587	0.0272572	0.00459966	9961	0.01
13	2	0.5	Social	24	589	0.0424448	0.0166384	9946	0.01
13	2	0.5	Social	25	571	0.00525394	0.00367776	9990	0.01
13	2	0.5	Social	26	579	0	0	9999	0.01
13	2	0.5	Social	27	574	0.0226481	0.00836237	9983	0.01
13	2	0.5	Social	28	543	0.00368324	0.00349908	9894	0.01
13	2	0.5	Social	29	544	0.0257353	0.00294118	9916	0.01
13	2	0.5	Social	30	615	0.108943	0.0173984	9737	0.01
13	2	0.5	Social	31	564	0.0177305	0.0070922	9930	0.01
13	2	0.5	Social	32	551	0.0326679	0.00326679	9822	0.01
13	2	0.5	Social	33	549	0.0255009	0.00947177	9726	0.01
13	2	0.5	Social	34	551	0.00362976	0.00326679	9994	0.01
13	2	0.5	Social	35	524	0	0	9999	0.01
13	2	0.5	Social	36	559	0.0143113	0.00536673	9985	0.01
13	2	0.5	Social	37	585	0.0017094	0.000683761	9998	0.01
13	2	0.5	Social	38	565	0.0300885	0.0122124	9824	0.01
13	2	0.5	Social	39	610	0.0163934	0.00885246	9859	0.01
13	2	0.5	Social	40	564	0.0248227	0.00673759	9933	0.01
13	2	0.5	Social	41	557	0.00359066	0.00179533	9995	0.01
13	2	0.5	Social	42	551	0.00544465	0.00526316	9839	0.01
13	2	0.5	Social	43	529	0.00378072	0.00132325	9979	0.01
13	2	0.5	Social	44	593	0.00505902	0.00151771	9852	0.01
13	2	0.5	Social	45	602	0.00166113	0.00116279	9990	0.01
13	2	0.5	Social	46	546	0.032967	0.00860806	9881	0.01
13	2	0.5	Social	47	584	0	0	9999	0.01
13	2	0.5	Social	48	575	0.093913	0.017913	9810	0.01
13	2	0.5	Social	49	555	0.00540541	0.00324324	9995	0.01
13	2	0.5	Social	50	546	0.0164835	0.00714286	9295	0.01
13	2	0.5	Social	51	583	0.0428816	0.0147513	9929	0.01
13	2	0.5	Social	52	542	0.00184502	0.00110701	9994	0.01
13	2	0.5	Social	53	560	0.00535714	0.000892857	9896	0.01
13	2	0.5	Social	54	603	0.0414594	0.00895522	9921	0.01
13	2	0.5	Social	55	534	0.00374532	0.000749064	9936	0.01
13	2	0.5	Social	56	568	0.0387324	0.0137324	9908	0.01
13	2	0.5	Social	57	586	0.0273038	0.0119454	9834	0.01
13	2	0.5	Social	58	571	0.0805604	0.0197898	9966	0.01
13	2	0.5	Social	59	555	0.00540541	0.00378378	9989	0.01
13	2	0.5	Social	60	546	0.010989	0.00512821	9837	0.01
13	2	0.5	Social	61	622	0.131833	0.0297428	9173	0.01
13	2	0.5	Social	62	536	0	0	9999	0.01
13	2	0.5	Social	63	572	0.0227273	0.00646853	9870	0.01
13	2	0.5	Social	64	559	0.00178891	0.00125224	9990	0.01
13	2	0.5	Social	65	581	0.010327	0.0060241	9986	0.01
13	2	0.5	Social	66	577	0.00693241	0.0034662	9984	0.01
13	2	0.5	Social	67	571	0.00875657	0.00350263	9986	0.01
13	2	0.5	Social	68	599	0.0400668	0.00984975	9666	0.01
13	2	0.5	Social	69	546	0.0934066	0.0141026	9714	0.01
13	2	0.5	Social	70	602	0.0149502	0.00847176	9989	0.01
13	2	0.5	Social	71	587	0.0306644	0.00545145	9898	0.01
13	2	0.5	Social	72	552	0.0163043	0.00217391	9812	0.01
13	2	0.5	Social	73	572	0.00699301	0.0027972	9925	0.01
13	2	0.5	Social	74	560	0.00892857	0.00714286	9927	0.01
13	2	0.5	Social	75	607	0.00494234	0.00444811	9920	0.01
13	2	0.5	Social	76	565	0.0283186	0.00283186	9508	0.01
13	2	0.5	Social	77	545	0.0110092	0.00513761	9993	0.01
13	2	0.5	Social	78	568	0.00880282	0.00264085	9945	0.01
13	2	0.5	Social	79	534	0.0149813	0.00674157	9800	0.01
13	2	0.5	Social	80	542	0.0129151	0.00479705	9987	0.01
13	2	0.5	Social	81	572	0.0664336	0.0106643	9421	0.01
13	2	0.5	Social	82	593	0.0320405	0.00354132	9588	0.01
13	2	0.5	Social	83	618	0.00809061	0.00517799	9993	0.01
13	2	0.5	Social	84	594	0.00505051	0.0010101	9972	0.01
13	2	0.5	Social	85	555	0.0198198	0.0104505	9972	0.01
13	2	0.5	Social	86	534	0.00374532	0.00224719	9970	0.01
13	2	0.5	Social	87	575	0.0347826	0.00834783	9975	0.01
13	2	0.5	Social	88	569	0.00351494	0.00193322	9951	0.01
13	2	0.5	Social	89	587	0.00170358	0.00153322	9993	0.01
13	2	0.5	Social	90	574	0.0243902	0.0097561	9793	0.01
13	2	0.5	Social	91	570	0.00350877	0.00350877	9991	0.01
13	2	0.5	Social	92	548	0	0	9999	0.01
13	2	0.5	Social	93	547	0.0219378	0.00895795	9938	0.01
13	2	0.5	Social	94	553	0.148282	0.0173599	9539	0.01
13	2	0.5	Social	95	549	0	0	9999	0.01
13	2	0.5	Social	96	575	0.0208696	0.00852174	9601	0.01
13	2	0.5	Social	97	550	0	0	9999	0.01
13	2	0.5	Social	98	558	0.0179211	0.00949821	9976	0.01
13	2	0.5	Social	99	595	0.00840336	0.00521008	9943	0.01
14	2	0.5	Social	0	613	0.00652529	0.00326264	9647	0.01
14	2	0.5	Social	1	632	0.0363924	0.0136076	9814	0.01
14	2	0.5	Social	2	598	0.00334448	0.000668896	9997	0.01
14	2	0.5	Social	3	585	0.0153846	0.00769231	9991	0.01
14	2	0.5	Social	4	647	0.00309119	0.0015456	9987	0.01
14	2	0.5	Social	5	579	0.0172712	0.0044905	9986	0.01
14	2	0.5	Social	6	594	0.003367	0.003367	9997	0.01
14	2	0.5	Social	7	604	0.0397351	0.00745033	9915	0.01
14	2	0.5	Social	8	638	0.00940439	0.00376176	9987	0.01
14	2	0.5	Social	9	597	0.0117253	0.00636516	9936	0.01
14	2	0.5	Social	10	634	0	0	9999	0.01
14	2	0.5	Social	11	647	0.0015456	0.000618238	9971	0.01
14	2	0.5	Social	12	610	0.0114754	0.00672131	9981	0.01
14	2	0.5	Social	13	586	0.0136519	0.00341297	9915	0.01
14	2	0.5	Social	14	625	0.0064	0.00432	9986	0.01
14	2	0.5	Social	15	608	0.0246711	0.00773026	9949	0.01
14	2	0.5	Social	16	619	0.0113086	0.00452342	9832	0.01
14	2	0.5	Social	17	618	0.02589	0.00695793	9968	0.01
14	2	0.5	Social	18	607	0.0197694	0.0118616	9902	0.01
14	2	0.5	Social	19	594	0	0	9999	0.01
14	2	0.5	Social	20	605	0.0214876	0.00661157	9917	0.01
14	2	0.5	Social	21	643	0.0622084	0.0124417	9659	0.01
14	2	0.5	Social	22	602	0.0149502	0.00747508	9986	0.01
14	2	0.5	Social	23	612	0.00816993	0.00408497	9995	0.01
14	2	0.5	Social	24	615	0.00487805	0.00292683	9947	0.01
14	2	0.5	Social	25	603	0.0199005	0.00281924	9982	0.01
14	2	0.5	Social	26	583	0.0051458	0.00222985	9996	0.01
14	2	0.5	Social	27	592	0.00506757	0.00337838	9926	0.01
14	2	0.5	Social	28	602	0.0265781	0.00797342	9774	0.01
14	2	0.5	Social	29	618	0.0404531	0.00404531	9771	0.01
14	2	0.5	Social	30	628	0.0334395	0.00589172	9813	0.01
14	2	0.5	Social	31	578	0.0311419	0.00519031	9854	0.01
14	2	0.5	Social	32	619	0.0129241	0.00403877	9968	0.01
14	2	0.5	Social	33	597	0.0100503	0.00686767	9967	0.01
14	2	0.5	Social	34	616	0.0194805	0.0118506	9980	0.01
14	2	0.5	Social	35	658	0.0410334	0.0155015	9926	0.01
14	2	0.5	Social	36	639	0.0657277	0.00938967	9838	0.01
14	2	0.5	Social	37	596	0.0302013	0.00755034	9784	0.01
14	2	0.5	Social	38	620	0.00645161	0.00225806	9979	0.01
14	2	0.5	Social	39	591	0.00846024	0.00423012	9872	0.01
14	2	0.5	Social	40	587	0.00340716	0.00221465	9978	0.01
14	2	0.5	Social	41	638	0.0172414	0.010815	9988	0.01
14	2	0.5	Social	42	599	0.00166945	0.000166945	9998	0.01
14	2	0.5	Social	43	578	0.0138408	0.00259516	9548	0.01
14	2	0.5	Social	44	612	0	0	9999	0.01
14	2	0.5	Social	45	603	0.0199005	0.00248756	9866	0.01
14	2	0.5	Social	46	602	0.00332226	0.00299003	9993	0.01
14	2	0.5	Social	47	604	0.0115894	0.0057947	9823	0.01
14	2	0.5	Social	48	598	0.0083612	0.00083612	9974	0.01
14	2	0.5	Social	49	619	0.00646204	0.00549273	9983	0.01
14	2	0.5	Social	50	635	0.0015748	0.000944882	9978	0.01
14	2	0.5	Social	51	590	0.00508475	0.00101695	9976	0.01
14	2	0.5	Social	52	649	0.0046225	0.001849	9991	0.01
14	2	0.5	Social	53	602	0.0282392	0.00747508	9972	0.01
14	2	0.5	Social	54	615	0.00162602	0.000650407	9955	0.01
14	2	0.5	Social	55	613	0.0228385	0.00717781	9972	0.01
14	2	0.5	Social	56	591	0.00507614	0.00203046	9989	0.01
14	2	0.5	Social	57	578	0.0207612	0.00519031	9912	0.01
14	2	0.5	Social	58	603	0.00497512	0.00199005	9986	0.01
14	2	0.5	Social	59	617	0.00324149	0.00307942	9997	0.01
14	2	0.5	Social	60	610	0.0229508	0.00360656	9875	0.01
14	2	0.5	Social	61	619	0.0113086	0.00258481	9963	0.01
14	2	0.5	Social	62	613	0.0375204	0.0143556	9969	0.01
14	2	0.5	Social	63	619	0.00807754	0.00662359	9997	0.01
14	2	0.5	Social	64	645	0.0713178	0.0111628	9852	0.01
14	2	0.5	Social	65	596	0.0201342	0.00369128	9946	0.01
14	2	0.5	Social	66	603	0	0	9999	0.01
14	2	0.5	Social	67	607	0.0115321	0.00345964	9891	0.01
14	2	0.5	Social	68	634	0.0615142	0.00851735	9890	0.01
14	2	0.5	Social	69	621	0.00483092	0.00112721	9953	0.01
14	2	0.5	Social	70	648	0.0154321	0.0095679	9972	0.01
14	2	0.5	Social	71	609	0.00328407	0.00246305	9995	0.01
14	2	0.5	Social	72	625	0.0016	0.00112	9997	0.01
14	2	0.5	Social	73	604	0.00993377	0.0057947	9966	0.01
14	2	0.5	Social	74	621	0	0	9999	0.01
14	2	0.5	Social	75	655	0.0396947	0.00580153	9960	0.01
14	2	0.5	Social	76	591	0.00846024	0.00219966	9858	0.01
14	2	0.5	Social	77	584	0.00684932	0.00308219	9954	0.01
14	2	0.5	Social	78	584	0.0222603	0.00342466	9960	0.01
14	2	0.5	Social	79	611	0.0392799	0.012275	9906	0.01
14	2	0.5	Social	80	620	0.0145161	0.00677419	9918	0.01
14	2	0.5	Social	81	622	0.00160772	0.000803859	9995	0.01
14	2	0.5	Social	82	643	0.00777605	0.0059098	9985	0.01
14	2	0.5	Social	83	635	0.0141732	0.00283465	9974	0.01
14	2	0.5	Social	84	637	0.010989	0.00659341	9893	0.01
14	2	0.5	Social	85	670	0.0432836	0.0146269	9895	0.01
14	2	0.5	Social	86	674	0.0133531	0.00430267	9978	0.01
14	2	0.5	Social	87	642	0.00311526	0.00264798	9994	0.01
14	2	0.5	Social	88	674	0.0207715	0.00816024	9931	0.01
14	2	0.5	Social	89	595	0.010084	0.00756303	9966	0.01
14	2	0.5	Social	90	615	0.0146341	0.00601626	9915	0.01
14	2	0.5	Social	91	608	0.00493421	0.00246711	9936	0.01
14	2	0.5	Social	92	634	0.0299685	0.00425868	9932	0.01
14	2	0.5	Social	93	581	0.0137694	0.00585198	9973	0.01
14	2	0.5	Social	94	593	0.00674536	0.00404722	9981	0.01
14	2	0.5	Social	95	605	0.0181818	0.00512397	9679	0.01
14	2	0.5	Social	96	605	0.0330579	0.00429752	9953	0.01
14	2	0.5	Social	97	596	0.0218121	0.00218121	9906	0.01
14	2	0.5	Social	98	625	0.104	0.02368	9837	0.01
14	2	0.5	Social	99	622	0.00160772	0.00096463	9962	0.01
15	2	0.5	Social	0	663	0.00452489	0.0015083	9997	0.01
15	2	0.5	Social	1	678	0.00442478	0.00176991	9950	0.01
15	2	0.5	Social	2	651	0.00614439	0.00215054	9952	0.01
15	2	0.5	Social	3	684	0.0394737	0.00701754	9674	0.01
15	2	0.5	Social	4	618	0	0	9999	0.01
15	2	0.5	Social	5	634	0.00630915	0.00268139	9880	0.01
15	2	0.5	Social	6	670	0.00298507	0.00104478	9998	0.01
15	2	0.5	Social	7	644	0.0310559	0.00388199	9426	0.01
15	2	0.5	Social	8	670	0	0	9999	0.01
15	2	0.5	Social	9	632	0.00316456	0.00142405	9996	0.01
15	2	0.5	Social	10	680	0.00294118	0.00147059	9996	0.01
15	2	0.5	Social	11	667	0.0494753	0.00614693	9804	0.01
15	2	0.5	Social	12	654	0.00611621	0.00275229	9981	0.01
15	2	0.5	Social	13	666	0.024024	0.00645646	9933	0.01
15	2	0.5	Social	14	665	0	0	9999	0.01
15	2	0.5	Social	15	647	0.0108192	0.00324575	9966	0.01
15	2	0.5	Social	16	654	0.137615	0.0137615	9699	0.01
15	2	0.5	Social	17	666	0.00600601	0.0021021	9985	0.01
15	2	0.5	Social	18	666	0	0	9999	0.01
15	2	0.5	Social	19	676	0.0133136	0.0066568	9959	0.01
15	2	0.5	Social	20	663	0.00754148	0.0066365	9947	0.01
15	2	0.5	Social	21	683	0.00878477	0.000878477	9958	0.01
15	2	0.5	Social	22	651	0.0030722	0.000921659	9714	0.01
15	2	0.5	Social	23	673	0.0163447	0.00579495	9889	0.01
15	2	0.5	Social	24	664	0.0195783	0.00873494	9985	0.01
15	2	0.5	Social	25	681	0.010279	0.0061674	9983	0.01
15	2	0.5	Social	26	666	0.003003	0.0012012	9982	0.01
15	2	0.5	Social	27	647	0.00463679	0.00401855	9993	0.01
15	2	0.5	Social	28	664	0.0060241	0.00406627	9946	0.01
15	2	0.5	Social	29	666	0.0045045	0.003003	9954	0.01
15	2	0.5	Social	30	671	0.00149031	0.000149031	9985	0.01
15	2	0.5	Social	31	711	0.0379747	0.0140647	9950	0.01
15	2	0.5	Social	32	653	0.00459418	0.00137825	9981	0.01
15	2	0.5	Social	33	643	0.0108865	0.00279938	9980	0.01
15	2	0.5	Social	34	682	0.0102639	0.00219941	9988	0.01
15	2	0.5	Social	35	696	0.00718391	0.00344828	9991	0.01
15	2	0.5	Social	36	637	0	0	9999	0.01
15	2	0.5	Social	37	657	0.0350076	0.00989346	9851	0.01
15	2	0.5	Social	38	659	0.0424886	0.0091047	9940	0.01
15	2	0.5	Social	39	650	0.00769231	0.00507692	9933	0.01
15	2	0.5	Social	40	652	0.0107362	0.00398773	9907	0.01
15	2	0.5	Social	41	674	0.0148368	0.00801187	9992	0.01
15	2	0.5	Social	42	603	0.026534	0.00995025	9959	0.01
15	2	0.5	Social	43	629	0.00476948	0.000476948	9979	0.01
15	2	0.5	Social	44	684	0.00438596	0.00321637	9988	0.01
15	2	0.5	Social	45	665	0.00150376	0.00120301	9998	0.01
15	2	0.5	Social	46	654	0.0183486	0.0108563	9630	0.01
15	2	0.5	Social	47	640	0.0390625	0.0084375	9934	0.01
15	2	0.5	Social	48	657	0.00152207	0.000304414	9957	0.01
15	2	0.5	Social	49	645	0.00775194	0.00418605	9962	0.01
15	2	0.5	Social	50	678	0.0235988	0.00840708	9910	0.01
15	2	0.5	Social	51	668	0.00748503	0.00254491	9967	0.01
15	2	0.5	Social	52	649	0.0123267	0.00616333	9945	0.01
15	2	0.5	Social	53	656	0.00762195	0.000762195	9355	0.01
15	2	0.5	Social	54	645	0.020155	0.00604651	9173	0.01
15	2	0.5	Social	55	667	0.00749625	0.0029985	9877	0.01
15	2	0.5	Social	56	638	0.0031348	0.00188088	9714	0.01
15	2	0.5	Social	57	661	0.0726172	0.0121029	9723	0.01
15	2	0.5	Social	58	692	0.015896	0.00736994	9992	0.01
15	2	0.5	Social	59	680	0.00588235	0.00117647	9972	0.01
15	2	0.5	Social	60	647	0.0139104	0.00370943	9977	0.01
15	2	0.5	Social	61	675	0.0148148	0.00814815	9904	0.01
15	2	0.5	Social	62	670	0.00447761	0.00149254	9997	0.01
15	2	0.5	Social	63	666	0.0015015	0.00135135	9998	0.01
15	2	0.5	Social	64	656	0	0	9999	0.01
15	2	0.5	Social	65	691	0.00144718	0.00101302	9911	0.01
15	2	0.5	Social	66	658	0.0227964	0.00273556	9849	0.01
15	2	0.5	Social	67	642	0.0186916	0.0102804	9785	0.01
15	2	0.5	Social	68	702	0.045584	0.00911681	9909	0.01
15	2	0.5	Social	69	661	0.0121029	0.00363086	9990	0.01
15	2	0.5	Social	70	673	0.00148588	0.000445765	9881	0.01
15	2	0.5	Social	71	673	0.0222883	0.00445765	9978	0.01
15	2	0.5	Social	72	612	0.0637255	0.00833333	9569	0.01
15	2	0.5	Social	73	648	0.0216049	0.00617284	9811	0.01
15	2	0.5	Social	74	675	0.0192593	0.00725926	9978	0.01
15	2	0.5	Social	75	627	0	0	9999	0.01
15	2	0.5	Social	76	699	0.0472103	0.00758226	9893	0.01
15	2	0.5	Social	77	659	0	0	9999	0.01
15	2	0.5	Social	78	620	0.0016129	0.0016129	9991	0.01
15	2	0.5	Social	79	669	0.0523169	0.00523169	9189	0.01
15	2	0.5	Social	80	646	0.0263158	0.00263158	9953	0.01
15	2	0.5	Social	81	644	0.0388199	0.00947205	9865	0.01
15	2	0.5	Social	82	624	0.00320513	0.00160256	9993	0.01
15	2	0.5	Social	83	615	0.00325203	0.000650407	9943	0.01
15	2	0.5	Social	84	667	0.00449775	0.0017991	9970	0.01
15	2	0.5	Social	85	688	0	0	9999	0.01
15	2	0.5	Social	86	680	0.0102941	0.00235294	9901	0.01
15	2	0.5	Social	87	663	0.0226244	0.00497738	9954	0.01
15	2	0.5	Social	88	657	0.00456621	0.000456621	9944	0.01
15	2	0.5	Social	89	663	0.00452489	0.00226244	9135	0.01
15	2	0.5	Social	90	691	0.00578871	0.00332851	9945	0.01
15	2	0.5	Social	91	649	0.027735	0.00338983	9890	0.01
15	2	0.5	Social	92	663	0.00904977	0.00558069	9968	0.01
15	2	0.5	Social	93	660	0.00909091	0.00378788	9965	0.01
15	2	0.5	Social	94	626	0.0111821	0.00415335	9856	0.01
15	2	0.5	Social	95	696	0.0100575	0.00574713	9980	0.01
15	2	0.5	Social	96	650	0.04	0.00723077	9961	0.01
15	2	0.5	Social	97	660	0.0121212	0.00545455	9791	0.01
15	2	0.5	Social	98	648	0.0123457	0.00802469	9887	0.01
15	2	0.5	Social	99	678	0.00884956	0.00619469	9948	0.01
16	2	0.5	Social	0	713	0.00841515	0.00280505	9984	0.01
16	2	0.5	Social	1	680	0.0102941	0.00338235	9856	0.01
16	2	0.5	Social	2	769	0.0156047	0.00156047	9957	0.01
16	2	0.5	Social	3	708	0.0324859	0.0103107	9899	0.01
16	2	0.5	Social	4	715	0.0027972	0.00223776	9701	0.01
16	2	0.5	Social	5	695	0.0115108	0.00402878	9986	0.01
16	2	0.5	Social	6	667	0.0224888	0.00284858	9864	0.01
16	2	0.5	Social	7	711	0.00281294	0.00168776	9904	0.01
16	2	0.5	Social	8	684	0.0116959	0.00365497	9855	0.01
16	2	0.5	Social	9	702	0.002849	0.00156695	9998	0.01
16	2	0.5	Social	10	693	0.00721501	0.0018759	9960	0.01
16	2	0.5	Social	11	693	0.011544	0.00634921	9937	0.01
16	2	0.5	Social	12	716	0.0027933	0.00251397	9995	0.01
16	2	0.5	Social	13	712	0.0393258	0.00870787	9846	0.01
16	2	0.5	Social	14	708	0.0183616	0.00621469	9982	0.01
16	2	0.5	Social	15	728	0.0151099	0.00892857	9932	0.01
16	2	0.5	Social	16	717	0.0027894	0.00055788	9659	0.01
16	2	0.5	Social	17	708	0.0211864	0.00579096	9938	0.01
16	2	0.5	Social	18	704	0	0	9999	0.01
16	2	0.5	Social	19	728	0.00137363	0.00123626	9865	0.01
16	2	0.5	Social	20	715	0.0335664	0.00699301	9580	0.01
16	2	0.5	Social	21	719	0.0236439	0.00570236	9938	0.01
16	2	0.5	Social	22	702	0.0156695	0.0034188	9581	0.01
16	2	0.5	Social	23	693	0.00721501	0.004329	9986	0.01
16	2	0.5	Social	24	705	0.00425532	0.00212766	9996	0.01
16	2	0.5	Social	25	694	0.00576369	0.00230548	9987	0.01
16	2	0.5	Social	26	728	0.00412088	0.0010989	9991	0.01
16	2	0.5	Social	27	697	0.0301291	0.00918221	9967	0.01
16	2	0.5	Social	28	709	0.00141044	0.000987306	9935	0.01
16	2	0.5	Social	29	737	0.0108548	0.00556309	9971	0.01
16	2	0.5	Social	30	715	0.00839161	0.00363636	9994	0.01
16	2	0.5	Social	31	715	0.0041958	0.00181818	9983	0.01
16	2	0.5	Social	32	680	0	0	9999	0.01
16	2	0.5	Social	33	724	0.00138122	0.000966851	9998	0.01
16	2	0.5	Social	34	699	0.0100143	0.00100143	9930	0.01
16	2	0.5	Social	35	709	0.00705219	0.00112835	9953	0.01
16	2	0.5	Social	36	730	0.0232877	0.00657534	9975	0.01
16	2	0.5	Social	37	720	0.00416667	0.00125	9992	0.01
16	2	0.5	Social	38	696	0.0100575	0.00545977	9942	0.01
16	2	0.5	Social	39	694	0.0115274	0.00288184	9958	0.01
16	2	0.5	Social	40	691	0.00289436	0.0015919	9991	0.01
16	2	0.5	Social	41	745	0.0536913	0.00818792	9872	0.01
16	2	0.5	Social	42	710	0.0183099	0.00704225	9942	0.01
16	2	0.5	Social	43	725	0.0124138	0.00565517	9749	0.01
16	2	0.5	Social	44	695	0.0273381	0.0130935	9965	0.01
16	2	0.5	Social	45	686	0.0131195	0.00553936	9891	0.01
16	2	0.5	Social	46	722	0.00831025	0.00387812	9792	0.01
16	2	0.5	Social	47	733	0.00545703	0.000818554	9971	0.01
16	2	0.5	Social	48	714	0	0	9999	0.01
16	2	0.5	Social	49	720	0.0319444	0.00708333	9903	0.01
16	2	0.5	Social	50	705	0.022695	0.00794326	9933	0.01
16	2	0.5	Social	51	724	0.00690608	0.00359116	9998	0.01
16	2	0.5	Social	52	720	0.00833333	0.00472222	9992	0.01
16	2	0.5	Social	53	699	0.0114449	0.00114449	9897	0.01
16	2	0.5	Social	54	724	0.0151934	0.00607735	9933	0.01
16	2	0.5	Social	55	707	0	0	9999	0.01
16	2	0.5	Social	56	717	0.0125523	0.00488145	9820	0.01
16	2	0.5	Social	57	689	0.00580552	0.00232221	9991	0.01
16	2	0.5	Social	58	715	0.00839161	0.00405594	9988	0.01
16	2	0.5	Social	59	695	0.0057554	0.00244604	9604	0.01
16	2	0.5	Social	60	715	0.0223776	0.00643357	9979	0.01
16	2	0.5	Social	61	689	0.00290276	0.00188679	9984	0.01
16	2	0.5	Social	62	707	0.00565771	0.00268741	9562	0.01
16	2	0.5	Social	63	678	0.00737463	0.0020649	9902	0.01
16	2	0.5	Social	64	677	0	0	9999	0.01
16	2	0.5	Social	65	721	0.00416089	0.00194175	9996	0.01
16	2	0.5	Social	66	719	0.0319889	0.00500695	9965	0.01
16	2	0.5	Social	67	753	0.00265604	0.00185923	9702	0.01
16	2	0.5	Social	68	717	0.0055788	0.00404463	9963	0.01
16	2	0.5	Social	69	711	0.0154712	0.00337553	9916	0.01
16	2	0.5	Social	70	720	0.0208333	0.0075	9954	0.01
16	2	0.5	Social	71	683	0.0131772	0.00468521	9979	0.01
16	2	0.5	Social	72	719	0.0514604	0.00848401	9959	0.01
16	2	0.5	Social	73	705	0.00567376	0.00184397	9803	0.01
16	2	0.5	Social	74	674	0.0237389	0.0037092	9986	0.01
16	2	0.5	Social	75	701	0.0199715	0.0138374	9944	0.01
16	2	0.5	Social	76	712	0.00702247	0.00294944	9935	0.01
16	2	0.5	Social	77	685	0.00729927	0.000729927	9954	0.01
16	2	0.5	Social	78	704	0.00852273	0.00369318	9915	0.01
16	2	0.5	Social	79	669	0.0104634	0.00403587	9934	0.01
16	2	0.5	Social	80	680	0.00882353	0.00485294	9973	0.01
16	2	0.5	Social	81	700	0.00571429	0.00214286	9982	0.01
16	2	0.5	Social	82	748	0.0040107	0.00200535	9987	0.01
16	2	0.5	Social	83	668	0.0209581	0.00703593	9880	0.01
16	2	0.5	Social	84	691	0.00578871	0.00477569	9975	0.01
16	2	0.5	Social	85	701	0.00142653	0.00085592	9994	0.01
16	2	0.5	Social	86	682	0.0117302	0.00307918	9969	0.01
16	2	0.5	Social	87	729	0	0	9999	0.01
16	2	0.5	Social	88	720	0.0430556	0.0109722	9965	0.01
16	2	0.5	Social	89	694	0.0129683	0.00129683	9886	0.01
16	2	0.5	Social	90	725	0.00137931	0.000137931	9753	0.01
16	2	0.5	Social	91	659	0.0364188	0.00667678	9697	0.01
16	2	0.5	Social	92	724	0.0400552	0.00607735	9863	0.01
16	2	0.5	Social	93	692	0.0101156	0.00346821	9946	0.01
16	2	0.5	Social	94	721	0	0	9999	0.01
16	2	0.5	Social	95	725	0.0303448	0.00303448	9696	0.01
16	2	0.5	Social	96	707	0.0240453	0.00777935	9899	0.01
16	2	0.5	Social	97	704	0.00994318	0.00369318	9862	0.01
16	2	0.5	Social	98	723	0.00829876	0.00484094	9941	0.01
16	2	0.5	Social	99	730	0.00273973	0.000958904	9993	0.01
17	2	0.5	Social	0	751	0.00399467	0.00159787	9884	0.01
17	2	0.5	Social	1	739	0.00541272	0.00270636	9796	0.01
17	2	0.5	Social	2	767	0.0065189	0.00208605	9975	0.01
17	2	0.5	Social	3	759	0.00263505	0.00158103	9997	0.01
17	2	0.5	Social	4	736	0.00679348	0.00461957	9961	0.01
17	2	0.5	Social	5	724	0.00966851	0.00428177	9981	0.01
17	2	0.5	Social	6	768	0.00130208	0.000520833	9997	0.01
17	2	0.5	Social	7	737	0.0189959	0.00447761	9724	0.01
17	2	0.5	Social	8	766	0.00391645	0.00261097	9992	0.01
17	2	0.5	Social	9	736	0.00407609	0.00122283	9994	0.01
17	2	0.5	Social	10	778	0.0372751	0.00372751	9944	0.01
17	2	0.5	Social	11	765	0.00261438	0.00104575	9997	0.01
17	2	0.5	Social	12	744	0.0793011	0.0135753	9898	0.01
17	2	0.5	Social	13	718	0.00557103	0.00362117	9996	0.01
17	2	0.5	Social	14	747	0.0160643	0.00789826	9978	0.01
17	2	0.5	Social	15	770	0.00649351	0.00493506	9991	0.01
17	2	0.5	Social	16	759	0.00131752	0.000131752	9966	0.01
17	2	0.5	Social	17	747	0.00669344	0.00468541	9962	0.01
17	2	0.5	Social	18	747	0	0	9999	0.01
17	2	0.5	Social	19	797	0.00627353	0.00414053	9891	0.01
17	2	0.5	Social	20	769	0.00780234	0.00572172	9962	0.01
17	2	0.5	Social	21	738	0.00135501	0.000677507	9992	0.01
17	2	0.5	Social	22	697	0.00143472	0.0010043	9931	0.01
17	2	0.5	Social	23	753	0.0106242	0.00571049	9428	0.01
17	2	0.5	Social	24	745	0.0161074	0.00375839	9886	0.01
17	2	0.5	Social	25	747	0.0133869	0.00441767	9389	0.01
17	2	0.5	Social	26	740	0.0135135	0.00567568	9826	0.01
17	2	0.5	Social	27	748	0.013369	0.00360963	9988	0.01
17	2	0.5	Social	28	723	0.00968188	0.0033195	9982	0.01
17	2	0.5	Social	29	758	0.00659631	0.00263852	9920	0.01
17	2	0.5	Social	30	728	0.00824176	0.00247253	9845	0.01
17	2	0.5	Social	31	757	0.00924703	0.00779392	9991	0.01
17	2	0.5	Social	32	775	0.0219355	0.00580645	9819	0.01
17	2	0.5	Social	33	754	0.0238727	0.00782493	9738	0.01
17	2	0.5	Social	34	733	0.0204638	0.00750341	9950	0.01
17	2	0.5	Social	35	808	0.0148515	0.00631188	9988	0.01
17	2	0.5	Social	36	721	0.00138696	0.000554785	9949	0.01
17	2	0.5	Social	37	732	0.0259563	0.00751366	9672	0.01
17	2	0.5	Social	38	770	0.00909091	0.00103896	9855	0.01
17	2	0.5	Social	39	775	0.0245161	0.00787097	9876	0.01
17	2	0.5	Social	40	755	0.0172185	0.00635762	9745	0.01
17	2	0.5	Social	41	763	0.0157274	0.0051114	9881	0.01
17	2	0.5	Social	42	730	0.00136986	0.00136986	9991	0.01
17	2	0.5	Social	43	728	0.00137363	0.000412088	9986	0.01
17	2	0.5	Social	44	809	0.0568603	0.0113721	9814	0.01
17	2	0.5	Social	45	780	0.0205128	0.0115385	9812	0.01
17	2	0.5	Social	46	754	0.0159151	0.00212202	9975	0.01
17	2	0.5	Social	47	772	0.00647668	0.00207254	9986	0.01
17	2	0.5	Social	48	816	0.00857843	0.00318627	9983	0.01
17	2	0.5	Social	49	748	0.0160428	0.00160428	9883	0.01
17	2	0.5	Social	50	795	0.118239	0.0127044	9252	0.01
17	2	0.5	Social	51	806	0.0235732	0.0117866	9917	0.01
17	2	0.5	Social	52	760	0.0171053	0.00894737	9934	0.01
17	2	0.5	Social	53	764	0.0157068	0.00719895	9961	0.01
17	2	0.5	Social	54	769	0.00520156	0.00364109	9984	0.01
17	2	0.5	Social	55	746	0	0	9999	0.01
17	2	0.5	Social	56	756	0.00529101	0.0015873	9935	0.01
17	2	0.5	Social	57	779	0.00641849	0.00385109	9983	0.01
17	2	0.5	Social	58	745	0.0120805	0.00456376	9962	0.01
17	2	0.5	Social	59	773	0.0155239	0.00776197	9945	0.01
17	2	0.5	Social	60	701	0.0085592	0.00499287	9867	0.01
17	2	0.5	Social	61	750	0.008	0.00426667	9947	0.01
17	2	0.5	Social	62	755	0.015894	0.00463576	9967	0.01
17	2	0.5	Social	63	772	0.00388601	0.00233161	9982	0.01
17	2	0.5	Social	64	735	0.0204082	0.00789116	9986	0.01
17	2	0.5	Social	65	764	0.0183246	0.00458115	9830	0.01
17	2	0.5	Social	66	756	0.00396825	0.000925926	9989	0.01
17	2	0.5	Social	67	764	0.0026178	0.00157068	9963	0.01
17	2	0.5	Social	68	747	0.0361446	0.00749665	9935	0.01
17	2	0.5	Social	69	709	0.00987306	0.00479549	9837	0.01
17	2	0.5	Social	70	743	0.0296097	0.0076716	9872	0.01
17	2	0.5	Social	71	741	0.00404858	0.00175439	9966	0.01
17	2	0.5	Social	72	758	0.00395778	0.00343008	9981	0.01
17	2	0.5	Social	73	773	0.0103493	0.00530401	9986	0.01
17	2	0.5	Social	74	757	0.00792602	0.00184941	9624	0.01
17	2	0.5	Social	75	758	0.00395778	0.000527704	9932	0.01
17	2	0.5	Social	76	770	0.00649351	0.00285714	9993	0.01
17	2	0.5	Social	77	771	0	0	9999	0.01
17	2	0.5	Social	78	726	0.0137741	0.00578512	9988	0.01
17	2	0.5	Social	79	775	0.00903226	0.00270968	9983	0.01
17	2	0.5	Social	80	732	0.0396175	0.00587432	9882	0.01
17	2	0.5	Social	81	762	0.011811	0.00643045	9960	0.01
17	2	0.5	Social	82	736	0.0230978	0.00570652	9918	0.01
17	2	0.5	Social	83	771	0.00389105	0.00298314	9862	0.01
17	2	0.5	Social	84	707	0.00565771	0.00311174	9968	0.01
17	2	0.5	Social	85	763	0.00524246	0.00249017	9971	0.01
17	2	0.5	Social	86	770	0	0	9999	0.01
17	2	0.5	Social	87	730	0.060274	0.00753425	9824	0.01
17	2	0.5	Social	88	776	0.00257732	0.00206186	9978	0.01
17	2	0.5	Social	89	805	0.00496894	0.00447205	9994	0.01
17	2	0.5	Social	90	773	0.00129366	0.000258732	9971	0.01
17	2	0.5	Social	91	729	0.00548697	0.00274348	9995	0.01
17	2	0.5	Social	92	783	0.0255428	0.00561941	9876	0.01
17	2	0.5	Social	93	757	0.00792602	0.00330251	9979	0.01
17	2	0.5	Social	94	757	0.00924703	0.00184941	9884	0.01
17	2	0.5	Social	95	792	0.0315657	0.0084596	9871	0.01
17	2	0.5	Social	96	765	0.00261438	0.00222222	9997	0.01
17	2	0.5	Social	97	776	0.00257732	0.000515464	9865	0.01
17	2	0.5	Social	98	749	0.00667557	0.00280374	9975	0.01
17	2	0.5	Social	99	787	0.0025413	0.00228717	9884	0.01
18	2	0.5	Social	0	812	0.00738916	0.00221675	9837	0.01
18	2	0.5	Social	1	807	0.00991326	0.00309789	9889	0.01
18	2	0.5	Social	2	784	0.00765306	0.0057398	9988	0.01
18	2	0.5	Social	3	810	0.0246914	0.00493827	9870	0.01
18	2	0.5	Social	4	787	0.0266836	0.00711563	9725	0.01
18	2	0.5	Social	5	799	0.0125156	0.00525657	9855	0.01
18	2	0.5	Social	6	783	0.00510856	0.00153257	9750	0.01
18	2	0.5	Social	7	806	0.00620347	0.00347395	9990	0.01
18	2	0.5	Social	8	816	0.00122549	0.000245098	9789	0.01
18	2	0.5	Social	9	767	0.0169492	0.00508475	9790	0.01
18	2	0.5	Social	10	834	0.0251799	0.0028777	9933	0.01
18	2	0.5	Social	11	857	0.0256709	0.00676779	9839	0.01
18	2	0.5	Social	12	802	0.00623441	0.00286783	9865	0.01
18	2	0.5	Social	13	807	0.0408922	0.00731103	9846	0.01
18	2	0.5	Social	14	833	0.0336134	0.00336134	9760	0.01
18	2	0.5	Social	15	810	0.00123457	0.000740741	9996	0.01
18	2	0.5	Social	16	814	0.00737101	0.00282555	9940	0.01
18	2	0.5	Social	17	806	0.0210918	0.00521092	9891	0.01
18	2	0.5	Social	18	824	0.00485437	0.00339806	9916	0.01
18	2	0.5	Social	19	812	0.00492611	0.00258621	9968	0.01
18	2	0.5	Social	20	787	0.0203304	0.00800508	9962	0.01
18	2	0.5	Social	21	839	0.00238379	0.000595948	9761	0.01
18	2	0.5	Social	22	846	0.0177305	0.0070922	9911	0.01
18	2	0.5	Social	23	812	0.0197044	0.00554187	9970	0.01
18	2	0.5	Social	24	784	0.00382653	0.00331633	9905	0.01
18	2	0.5	Social	25	823	0.0072904	0.00400972	9677	0.01
18	2	0.5	Social	26	830	0.00843373	0.00337349	9816	0.01
18	2	0.5	Social	27	804	0.00995025	0.000995025	9931	0.01
18	2	0.5	Social	28	795	0.00251572	0.00125786	9984	0.01
18	2	0.5	Social	29	777	0.019305	0.00540541	9726	0.01
18	2	0.5	Social	30	786	0.0152672	0.00254453	9959	0.01
18	2	0.5	Social	31	780	0.0115385	0.00282051	9970	0.01
18	2	0.5	Social	32	791	0.00252845	0.00176991	9928	0.01
18	2	0.5	Social	33	823	0.0133657	0.00935601	9977	0.01
18	2	0.5	Social	34	793	0.00504414	0.0037831	9964	0.01
18	2	0.5	Social	35	813	0.00615006	0.00209102	9853	0.01
18	2	0.5	Social	36	824	0.00606796	0.00376214	9977	0.01
18	2	0.5	Social	37	784	0.00510204	0.00127551	9907	0.01
18	2	0.5	Social	38	799	0.00250313	0.00150188	9945	0.01
18	2	0.5	Social	39	812	0.00985222	0.0044335	9860	0.01
18	2	0.5	Social	40	785	0.0407643	0.00636943	9845	0.01
18	2	0.5	Social	41	791	0.0151707	0.0045512	9956	0.01
18	2	0.5	Social	42	801	0.0224719	0.00224719	9826	0.01
18	2	0.5	Social	43	817	0.0881273	0.00881273	9746	0.01
18	2	0.5	Social	44	821	0	0	9999	0.01
18	2	0.5	Social	45	794	0.00503778	0.00138539	9966	0.01
18	2	0.5	Social	46	809	0.00247219	0.00173053	9985	0.01
18	2	0.5	Social	47	827	0.0314389	0.00604595	9901	0.01
18	2	0.5	Social	48	780	0.00512821	0.00102564	9958	0.01
18	2	0.5	Social	49	817	0.00856793	0.00159119	9907	0.01
18	2	0.5	Social	50	809	0.0185414	0.00247219	9917	0.01
18	2	0.5	Social	51	790	0.0151899	0.00443038	9748	0.01
18	2	0.5	Social	52	796	0.0125628	0.00364322	9907	0.01
18	2	0.5	Social	53	812	0.0307882	0.00763547	9852	0.01
18	2	0.5	Social	54	788	0.00634518	0.00329949	9969	0.01
18	2	0.5	Social	55	853	0.00117233	0.000117233	9989	0.01
18	2	0.5	Social	56	834	0.00359712	0.00107914	9954	0.01
18	2	0.5	Social	57	789	0.00506971	0.00190114	9892	0.01
18	2	0.5	Social	58	789	0.0101394	0.00583016	9940	0.01
18	2	0.5	Social	59	824	0.0412621	0.00667476	9958	0.01
18	2	0.5	Social	60	785	0.00382166	0.00127389	9965	0.01
18	2	0.5	Social	61	838	0.0143198	0.00596659	9948	0.01
18	2	0.5	Social	62	799	0.00500626	0.00187735	9989	0.01
18	2	0.5	Social	63	804	0.00746269	0.00335821	9902	0.01
18	2	0.5	Social	64	848	0.0318396	0.00613208	9901	0.01
18	2	0.5	Social	65	814	0.029484	0.00995086	9870	0.01
18	2	0.5	Social	66	837	0.00955795	0.00262843	9918	0.01
18	2	0.5	Social	67	816	0.0232843	0.00808824	9814	0.01
18	2	0.5	Social	68	783	0.00255428	0.00178799	9996	0.01
18	2	0.5	Social	69	818	0.0183374	0.00366748	9931	0.01
18	2	0.5	Social	70	787	0.0025413	0.00203304	9958	0.01
18	2	0.5	Social	71	829	0.0349819	0.0102533	9792	0.01
18	2	0.5	Social	72	812	0.00985222	0.00504926	9986	0.01
18	2	0.5	Social	73	821	0.00243605	0.00194884	9996	0.01
18	2	0.5	Social	74	840	0.0166667	0.0047619	9920	0.01
18	2	0.5	Social	75	835	0.00598802	0.00239521	9807	0.01
18	2	0.5	Social	76	852	0.00234742	0.00187793	9995	0.01
18	2	0.5	Social	77	838	0.0107399	0.00417661	9993	0.01
18	2	0.5	Social	78	811	0.0123305	0.00382244	9809	0.01
18	2	0.5	Social	79	749	0.00801068	0.00280374	9862	0.01
18	2	0.5	Social	80	783	0.0102171	0.0063857	9974	0.01
18	2	0.5	Social	81	827	0.0326481	0.00652963	9859	0.01
18	2	0.5	Social	82	835	0.0311377	0.00431138	9937	0.01
18	2	0.5	Social	83	782	0.0332481	0.00460358	9974	0.01
18	2	0.5	Social	84	812	0.00492611	0.00172414	9995	0.01
18	2	0.5	Social	85	820	0.0134146	0.00597561	9878	0.01
18	2	0.5	Social	86	842	0.00475059	0.0023753	9964	0.01
18	2	0.5	Social	87	836	0.00837321	0.00610048	9979	0.01
18	2	0.5	Social	88	760	0.00657895	0.00197368	9995	0.01
18	2	0.5	Social	89	815	0.00613497	0.00122699	9947	0.01
18	2	0.5	Social	90	779	0.0102696	0.00115533	9952	0.01
18	2	0.5	Social	91	819	0.023199	0.0047619	9767	0.01
18	2	0.5	Social	92	812	0.0147783	0.00357143	9968	0.01
18	2	0.5	Social	93	792	0.00631313	0.0030303	9988	0.01
18	2	0.5	Social	94	846	0.00591017	0.00260047	9898	0.01
18	2	0.5	Social	95	772	0	0	9999	0.01
18	2	0.5	Social	96	784	0.00765306	0.00191327	9951	0.01
18	2	0.5	Social	97	791	0.0151707	0.00265487	9901	0.01
18	2	0.5	Social	98	822	0.0450122	0.0139903	9926	0.01
18	2	0.5	Social	99	754	0.00265252	0.00265252	9994	0.01
19	2	0.5	Social	0	858	0	0	9999	0.01
19	2	0.5	Social	1	798	0.00501253	0.00350877	9977	0.01
19	2	0.5	Social	2	888	0.0123874	0.00619369	9919	0.01
19	2	0.5	Social	3	845	0.00473373	0.00142012	9956	0.01
19	2	0.5	Social	4	826	0.00847458	0.00338983	9989	0.01
19	2	0.5	Social	5	861	0.0139373	0.00325203	9859	0.01
19	2	0.5	Social	6	833	0.00360144	0.00168067	9997	0.01
19	2	0.5	Social	7	840	0.0166667	0.00428571	9840	0.01
19	2	0.5	Social	8	840	0.0202381	0.00380952	9952	0.01
19	2	0.5	Social	9	879	0.0204778	0.00500569	9977	0.01
19	2	0.5	Social	10	846	0.00472813	0.00295508	9990	0.01
19	2	0.5	Social	11	846	0.00827423	0.00200946	9968	0.01
19	2	0.5	Social	12	841	0.00118906	0.000475624	9995	0.01
19	2	0.5	Social	13	847	0.012987	0.00318772	9966	0.01
19	2	0.5	Social	14	852	0.0352113	0.00352113	9837	0.01
19	2	0.5	Social	15	854	0.00117096	0.00117096	9998	0.01
19	2	0.5	Social	16	846	0.0118203	0.00307329	9876	0.01
19	2	0.5	Social	17	828	0.013285	0.00398551	9966	0.01
19	2	0.5	Social	18	888	0.0112613	0.00653153	9892	0.01
19	2	0.5	Social	19	845	0.00946746	0.00650888	9993	0.01
19	2	0.5	Social	20	849	0.0153121	0.00671378	9987	0.01
19	2	0.5	Social	21	844	0.007109	0.0028436	9876	0.01
19	2	0.5	Social	22	864	0.00115741	0.000462963	9989	0.01
19	2	0.5	Social	23	871	0.00344432	0.00309989	9945	0.01
19	2	0.5	Social	24	832	0.00721154	0.00264423	9851	0.01
19	2	0.5	Social	25	824	0.0109223	0.00473301	9825	0.01
19	2	0.5	Social	26	903	0.00332226	0.00199336	9991	0.01
19	2	0.5	Social	27	859	0.00232829	0.000814901	9813	0.01
19	2	0.5	Social	28	864	0.0185185	0.00844907	9969	0.01
19	2	0.5	Social	29	840	0.00714286	0.00238095	9742	0.01
19	2	0.5	Social	30	845	0.0118343	0.00295858	9929	0.01
19	2	0.5	Social	31	879	0.00568828	0.0032992	9968	0.01
19	2	0.5	Social	32	851	0.0141011	0.00376028	9903	0.01
19	2	0.5	Social	33	841	0.00237812	0.00142687	9992	0.01
19	2	0.5	Social	34	856	0.0046729	0.00257009	9943	0.01
19	2	0.5	Social	35	852	0.0105634	0.00234742	9905	0.01
19	2	0.5	Social	36	919	0.00870511	0.0054407	9912	0.01
19	2	0.5	Social	37	917	0.0119956	0.00665213	9980	0.01
19	2	0.5	Social	38	869	0.0241657	0.00713464	9879	0.01
19	2	0.5	Social	39	881	0.0102157	0.00624291	9971	0.01
19	2	0.5	Social	40	854	0.0128806	0.00128806	9983	0.01
19	2	0.5	Social	41	821	0.00365408	0.00243605	9929	0.01
19	2	0.5	Social	42	829	0.00723764	0.00349819	9967	0.01
19	2	0.5	Social	43	850	0.00588235	0.00235294	9968	0.01
19	2	0.5	Social	44	818	0.0158924	0.00513447	9941	0.01
19	2	0.5	Social	45	851	0.00117509	0.000940071	9903	0.01
19	2	0.5	Social	46	880	0.00568182	0.005	9983	0.01
19	2	0.5	Social	47	854	0.0152225	0.00480094	9975	0.01
19	2	0.5	Social	48	864	0.00810185	0.003125	9802	0.01
19	2	0.5	Social	49	868	0.00230415	0.000576037	9899	0.01
19	2	0.5	Social	50	830	0.0204819	0.0086747	9747	0.01
19	2	0.5	Social	51	814	0.00737101	0.00356265	9992	0.01
19	2	0.5	Social	52	874	0.00343249	0.00251716	9891	0.01
19	2	0.5	Social	53	829	0.0108565	0.0066345	9971	0.01
19	2	0.5	Social	54	833	0.0108043	0.00252101	9916	0.01
19	2	0.5	Social	55	860	0	0	9999	0.01
19	2	0.5	Social	56	865	0.00578035	0.0049711	9965	0.01
19	2	0.5	Social	57	872	0.043578	0.0139908	9913	0.01
19	2	0.5	Social	58	843	0.00474496	0.00332147	9847	0.01
19	2	0.5	Social	59	834	0.0059952	0.0029976	9986	0.01
19	2	0.5	Social	60	823	0.00121507	0.00072904	9998	0.01
19	2	0.5	Social	61	881	0.00340522	0.00102157	9998	0.01
19	2	0.5	Social	62	825	0.0109091	0.00327273	9793	0.01
19	2	0.5	Social	63	875	0.00914286	0.00297143	9613	0.01
19	2	0.5	Social	64	826	0.00363196	0.00254237	9993	0.01
19	2	0.5	Social	65	894	0.154362	0.0162192	9811	0.01
19	2	0.5	Social	66	864	0.00578704	0.00277778	9992	0.01
19	2	0.5	Social	67	831	0.00722022	0.00361011	9931	0.01
19	2	0.5	Social	68	839	0.0107271	0.00333731	9972	0.01
19	2	0.5	Social	69	819	0.001221	0.000610501	9944	0.01
19	2	0.5	Social	70	813	0.00246002	0.00123001	9890	0.01
19	2	0.5	Social	71	860	0	0	9999	0.01
19	2	0.5	Social	72	817	0.0354957	0.00489596	9911	0.01
19	2	0.5	Social	73	872	0.00344037	0.00103211	9849	0.01
19	2	0.5	Social	74	866	0.00808314	0.00161663	9960	0.01
19	2	0.5	Social	75	860	0.00581395	0.00383721	9845	0.01
19	2	0.5	Social	76	865	0.0104046	0.00439306	9991	0.01
19	2	0.5	Social	77	850	0.0235294	0.00270588	9597	0.01
19	2	0.5	Social	78	853	0	0	9999	0.01
19	2	0.5	Social	79	806	0.00992556	0.00223325	9877	0.01
19	2	0.5	Social	80	879	0.0102389	0.00352673	9882	0.01
19	2	0.5	Social	81	834	0.0059952	0.00395683	9951	0.01
19	2	0.5	Social	82	886	0.00225734	0.0013544	9992	0.01
19	2	0.5	Social	83	864	0.00462963	0.00162037	9709	0.01
19	2	0.5	Social	84	890	0.0101124	0.00280899	9891	0.01
19	2	0.5	Social	85	863	0.01854	0.00915411	9975	0.01
19	2	0.5	Social	86	863	0	0	9999	0.01
19	2	0.5	Social	87	855	0.0140351	0.00175439	9988	0.01
19	2	0.5	Social	88	852	0.00704225	0.00258216	9968	0.01
19	2	0.5	Social	89	831	0.00842359	0.00300842	9970	0.01
19	2	0.5	Social	90	833	0.0192077	0.00672269	9864	0.01
19	2	0.5	Social	91	843	0.00474496	0.00154211	9815	0.01
19	2	0.5	Social	92	846	0.00591017	0.00248227	9945	0.01
19	2	0.5	Social	93	864	0.00810185	0.00289352	9926	0.01
19	2	0.5	Social	94	891	0.00897868	0.00561167	9984	0.01
19	2	0.5	Social	95	880	0.00909091	0.00284091	9974	0.01
19	2	0.5	Social	96	877	0.0114025	0.00376283	9956	0.01
19	2	0.5	Social	97	832	0.0300481	0.0078125	9890	0.01
19	2	0.5	Social	98	871	0.0355913	0.00711825	9898	0.01
19	2	0.5	Social	99	863	0.0393975	0.00984936	9689	0.01
20	2	0.5	Social	0	958	0.0208768	0.00427975	9953	0.01
20	2	0.5	Social	1	864	0.00347222	0.00150463	9941	0.01
20	2	0.5	Social	2	894	0.0123043	0.00290828	9945	0.01
20	2	0.5	Social	3	905	0.00220994	0.00143646	9994	0.01
20	2	0.5	Social	4	891	0.00785634	0.0023569	9962	0.01
20	2	0.5	Social	5	913	0.00657174	0.00164294	9993	0.01
20	2	0.5	Social	6	942	0.00212314	0.00106157	9975	0.01
20	2	0.5	Social	7	852	0.00821596	0.00328638	9906	0.01
20	2	0.5	Social	8	851	0.00235018	0.000235018	9994	0.01
20	2	0.5	Social	9	919	0.00761697	0.00195865	9594	0.01
20	2	0.5	Social	10	905	0.00994475	0.00176796	9875	0.01
20	2	0.5	Social	11	866	0.0323326	0.0121247	9954	0.01
20	2	0.5	Social	12	899	0.0300334	0.00600667	9595	0.01
20	2	0.5	Social	13	947	0.0263992	0.00348469	9791	0.01
20	2	0.5	Social	14	923	0.0108342	0.00270856	9824	0.01
20	2	0.5	Social	15	866	0.00230947	0.00196305	9998	0.01
20	2	0.5	Social	16	888	0.00900901	0.00281532	9791	0.01
20	2	0.5	Social	17	921	0.0152009	0.00857763	9969	0.01
20	2	0.5	Social	18	863	0.0173812	0.00463499	9891	0.01
20	2	0.5	Social	19	885	0.00112994	0.000451977	9995	0.01
20	2	0.5	Social	20	861	0.00232288	0.000929152	9970	0.01
20	2	0.5	Social	21	943	0.00848356	0.00392365	9921	0.01
20	2	0.5	Social	22	883	0.00566251	0.001359	9925	0.01
20	2	0.5	Social	23	939	0.0085197	0.00436635	9873	0.01
20	2	0.5	Social	24	868	0.00576037	0.00126728	9894	0.01
20	2	0.5	Social	25	886	0.0383747	0.00981941	9896	0.01
20	2	0.5	Social	26	876	0.00570776	0.00205479	9854	0.01
20	2	0.5	Social	27	900	0.00777778	0.00322222	9968	0.01
20	2	0.5	Social	28	908	0.0264317	0.00418502	9792	0.01
20	2	0.5	Social	29	865	0.0115607	0.00115607	9900	0.01
20	2	0.5	Social	30	865	0.00346821	0.000693642	9957	0.01
20	2	0.5	Social	31	898	0.00445434	0.00222717	9917	0.01
20	2	0.5	Social	32	827	0.0157195	0.00689238	9867	0.01
20	2	0.5	Social	33	888	0	0	9999	0.01
20	2	0.5	Social	34	849	0.0282686	0.00365135	9797	0.01
20	2	0.5	Social	35	915	0.0153005	0.0104918	9864	0.01
20	2	0.5	Social	36	920	0.00217391	0.00108696	9889	0.01
20	2	0.5	Social	37	871	0.00114811	0.000114811	9997	0.01
20	2	0.5	Social	38	855	0.00116959	0.000818713	9998	0.01
20	2	0.5	Social	39	874	0.00228833	0.00114416	9966	0.01
20	2	0.5	Social	40	916	0.0163755	0.0029476	9912	0.01
20	2	0.5	Social	41	925	0.00108108	0.000324324	9997	0.01
20	2	0.5	Social	42	900	0.00444444	0.00166667	9741	0.01
20	2	0.5	Social	43	884	0.0350679	0.00735294	9552	0.01
20	2	0.5	Social	44	926	0.0215983	0.00453564	9853	0.01
20	2	0.5	Social	45	874	0.0102975	0.00320366	9883	0.01
20	2	0.5	Social	46	900	0.00444444	0.00377778	9994	0.01
20	2	0.5	Social	47	872	0.00344037	0.00126147	9986	0.01
20	2	0.5	Social	48	911	0.01427	0.0025247	9963	0.01
20	2	0.5	Social	49	887	0.00450958	0.00248027	9944	0.01
20	2	0.5	Social	50	893	0.0134378	0.00179171	9897	0.01
20	2	0.5	Social	51	873	0.0045819	0.00252005	9960	0.01
20	2	0.5	Social	52	885	0.00677966	0.00327684	9857	0.01
20	2	0.5	Social	53	872	0.00688073	0.00366972	9725	0.01
20	2	0.5	Social	54	873	0.0355097	0.00595647	9950	0.01
20	2	0.5	Social	55	927	0.00323625	0.0021575	9940	0.01
20	2	0.5	Social	56	936	0.0106838	0.00470085	9952	0.01
20	2	0.5	Social	57	920	0.0195652	0.0026087	9909	0.01
20	2	0.5	Social	58	877	0.0125428	0.00239453	9875	0.01
20	2	0.5	Social	59	879	0.0261661	0.0039818	9795	0.01
20	2	0.5	Social	60	892	0.0201794	0.00381166	9873	0.01
20	2	0.5	Social	61	912	0.0230263	0.00460526	9965	0.01
20	2	0.5	Social	62	940	0.0138298	0.00468085	9951	0.01
20	2	0.5	Social	63	881	0.00794552	0.00419977	9910	0.01
20	2	0.5	Social	64	884	0.0124434	0.00599548	9914	0.01
20	2	0.5	Social	65	895	0.0100559	0.00100559	9971	0.01
20	2	0.5	Social	66	879	0.032992	0.00807736	9947	0.01
20	2	0.5	Social	67	923	0.00650054	0.00520043	9958	0.01
20	2	0.5	Social	68	912	0.0230263	0.00932018	9985	0.01
20	2	0.5	Social	69	882	0	0	9999	0.01
20	2	0.5	Social	70	888	0.0101351	0.00101351	9934	0.01
20	2	0.5	Social	71	885	0.0146893	0.00497175	9794	0.01
20	2	0.5	Social	72	890	0.011236	0.00359551	9798	0.01
20	2	0.5	Social	73	863	0.0150637	0.00417149	9876	0.01
20	2	0.5	Social	74	903	0.00442968	0.00365449	9809	0.01
20	2	0.5	Social	75	905	0.0287293	0.00828729	9875	0.01
20	2	0.5	Social	76	907	0.0121279	0.00705623	9824	0.01
20	2	0.5	Social	77	877	0.0148233	0.00376283	9989	0.01
20	2	0.5	Social	78	891	0.0190797	0.00314254	9571	0.01
20	2	0.5	Social	79	906	0.00220751	0.00154525	9992	0.01
20	2	0.5	Social	80	906	0	0	9999	0.01
20	2	0.5	Social	81	896	0.0245536	0.00334821	9779	0.01
20	2	0.5	Social	82	926	0.0172786	0.00172786	9926	0.01
20	2	0.5	Social	83	903	0.00442968	0.00276855	9991	0.01
20	2	0.5	Social	84	894	0.00559284	0.00257271	9857	0.01
20	2	0.5	Social	85	939	0.0159744	0.0057508	9880	0.01
20	2	0.5	Social	86	937	0.00320171	0.000960512	9988	0.01
20	2	0.5	Social	87	880	0.00227273	0.000909091	9997	0.01
20	2	0.5	Social	88	879	0.0113766	0.00591581	9973	0.01
20	2	0.5	Social	89	886	0.0158014	0.00383747	9932	0.01
20	2	0.5	Social	90	907	0.00551268	0.00374862	9666	0.01
20	2	0.5	Social	91	901	0.00332963	0.00233074	9601	0.01
20	2	0.5	Social	92	881	0.015891	0.00783201	9945	0.01
20	2	0.5	Social	93	907	0.00771775	0.00275634	9949	0.01
20	2	0.5	Social	94	910	0.0230769	0.0067033	9910	0.01
20	2	0.5	Social	95	832	0.0288462	0.00504808	9975	0.01
20	2	0.5	Social	96	907	0.00220507	0.000771775	9993	0.01
20	2	0.5	Social	97	927	0.0151025	0.00442287	9914	0.01
20	2	0.5	Social	98	907	0.0154355	0.00330761	9848	0.01
20	2	0.5	Social	99	884	0.00339367	0.00124434	9965	0.01
