1	6	0.5	Social	0	378	0.992063	0.198413	-1	0.01
1	6	0.5	Social	1	582	0.994845	0.244674	-1	0.01
1	6	0.5	Social	2	369	0.99458	0.198916	-1	0.01
1	6	0.5	Social	3	454	0.997797	0.214317	-1	0.01
1	6	0.5	Social	4	411	0.997567	0.199513	-1	0.01
1	6	0.5	Social	5	625	0.8672	0.26192	-1	0.01
1	6	0.5	Social	6	0	-1	-1	5	0.01
1	6	0.5	Social	7	444	0.995495	0.199099	-1	0.01
1	6	0.5	Social	8	0	-1	-1	2	0.01
1	6	0.5	Social	9	385	0.994805	0.198961	-1	0.01
1	6	0.5	Social	10	0	-1	-1	3	0.01
1	6	0.5	Social	11	0	-1	-1	2	0.01
1	6	0.5	Social	12	0	-1	-1	-1	0.01
1	6	0.5	Social	13	0	-1	-1	2	0.01
1	6	0.5	Social	14	544	0.994485	0.23364	-1	0.01
1	6	0.5	Social	15	372	0.989247	0.197849	-1	0.01
1	6	0.5	Social	16	371	0.989218	0.197844	-1	0.01
1	6	0.5	Social	17	0	-1	-1	-1	0.01
1	6	0.5	Social	18	478	0.956067	0.220921	-1	0.01
1	6	0.5	Social	19	0	-1	-1	3	0.01
1	6	0.5	Social	20	449	0.98441	0.232071	-1	0.01
1	6	0.5	Social	21	0	-1	-1	3	0.01
1	6	0.5	Social	22	510	0.984314	0.230784	-1	0.01
1	6	0.5	Social	23	0	-1	-1	-1	0.01
1	6	0.5	Social	24	0	-1	-1	3	0.01
1	6	0.5	Social	25	578	0.99827	0.236332	-1	0.01
1	6	0.5	Social	26	0	-1	-1	2	0.01
1	6	0.5	Social	27	0	-1	-1	2	0.01
1	6	0.5	Social	28	0	-1	-1	2	0.01
1	6	0.5	Social	29	498	0.985944	0.236145	-1	0.01
1	6	0.5	Social	30	0	-1	-1	2	0.01
1	6	0.5	Social	31	447	0.98434	0.213423	-1	0.01
1	6	0.5	Social	32	0	-1	-1	-1	0.01
1	6	0.5	Social	33	363	0.997245	0.199449	-1	0.01
1	6	0.5	Social	34	429	1	0.2	-1	0.01
1	6	0.5	Social	35	380	0.994737	0.198947	-1	0.01
1	6	0.5	Social	36	523	0.973231	0.232122	-1	0.01
1	6	0.5	Social	37	501	0.976048	0.223553	-1	0.01
1	6	0.5	Social	38	473	1	0.221353	-1	0.01
1	6	0.5	Social	39	0	-1	-1	-1	0.01
1	6	0.5	Social	40	395	0.989873	0.197975	-1	0.01
1	6	0.5	Social	41	414	1	0.2	-1	0.01
1	6	0.5	Social	42	517	0.938104	0.240039	-1	0.01
1	6	0.5	Social	43	377	0.98939	0.197878	-1	0.01
1	6	0.5	Social	44	20	1	0.1	-1	0.01
1	6	0.5	Social	45	332	0.975904	0.198795	-1	0.01
1	6	0.5	Social	46	425	1	0.2	-1	0.01
1	6	0.5	Social	47	0	-1	-1	3	0.01
1	6	0.5	Social	48	0	-1	-1	-1	0.01
1	6	0.5	Social	49	0	-1	-1	-1	0.01
1	6	0.5	Social	50	499	0.987976	0.22485	-1	0.01
1	6	0.5	Social	51	0	-1	-1	3	0.01
1	6	0.5	Social	52	389	0.994859	0.198972	-1	0.01
1	6	0.5	Social	53	548	0.992701	0.242153	-1	0.01
1	6	0.5	Social	54	0	-1	-1	3	0.01
1	6	0.5	Social	55	0	-1	-1	2	0.01
1	6	0.5	Social	56	367	0.983651	0.19673	-1	0.01
1	6	0.5	Social	57	427	0.997658	0.199532	-1	0.01
1	6	0.5	Social	58	413	0.995157	0.199031	-1	0.01
1	6	0.5	Social	59	0	-1	-1	2	0.01
1	6	0.5	Social	60	507	0.998028	0.253057	-1	0.01
1	6	0.5	Social	61	0	-1	-1	-1	0.01
1	6	0.5	Social	62	595	0.885714	0.26605	-1	0.01
1	6	0.5	Social	63	539	0.961039	0.244156	-1	0.01
1	6	0.5	Social	64	0	-1	-1	2	0.01
1	6	0.5	Social	65	582	0.864261	0.259278	-1	0.01
1	6	0.5	Social	66	572	0.961538	0.246154	-1	0.01
1	6	0.5	Social	67	0	-1	-1	2	0.01
1	6	0.5	Social	68	0	-1	-1	4	0.01
1	6	0.5	Social	69	0	-1	-1	3	0.01
1	6	0.5	Social	70	499	0.9499	0.267335	-1	0.01
1	6	0.5	Social	71	477	0.997904	0.225786	-1	0.01
1	6	0.5	Social	72	589	0.998302	0.254669	-1	0.01
1	6	0.5	Social	73	0	-1	-1	3	0.01
1	6	0.5	Social	74	0	-1	-1	4	0.01
1	6	0.5	Social	75	415	0.987952	0.19759	-1	0.01
1	6	0.5	Social	76	0	-1	-1	2	0.01
1	6	0.5	Social	77	0	-1	-1	2	0.01
1	6	0.5	Social	78	0	-1	-1	-1	0.01
1	6	0.5	Social	79	0	-1	-1	2	0.01
1	6	0.5	Social	80	0	-1	-1	3	0.01
1	6	0.5	Social	81	516	0.998062	0.233333	-1	0.01
1	6	0.5	Social	82	0	-1	-1	2	0.01
1	6	0.5	Social	83	372	0.994624	0.198925	-1	0.01
1	6	0.5	Social	84	391	1	0.2	-1	0.01
1	6	0.5	Social	85	400	0.9975	0.1995	-1	0.01
1	6	0.5	Social	86	386	0.992228	0.198446	-1	0.01
1	6	0.5	Social	87	413	0.992736	0.198547	-1	0.01
1	6	0.5	Social	88	394	0.997462	0.199492	-1	0.01
1	6	0.5	Social	89	520	0.844231	0.253269	-1	0.01
1	6	0.5	Social	90	366	0.997268	0.199454	-1	0.01
1	6	0.5	Social	91	0	-1	-1	4	0.01
1	6	0.5	Social	92	0	-1	-1	-1	0.01
1	6	0.5	Social	93	605	0.995041	0.241818	-1	0.01
1	6	0.5	Social	94	0	-1	-1	3	0.01
1	6	0.5	Social	95	391	1	0.2	-1	0.01
1	6	0.5	Social	96	0	-1	-1	3	0.01
1	6	0.5	Social	97	535	0.994393	0.237196	-1	0.01
1	6	0.5	Social	98	561	0.996435	0.240463	-1	0.01
1	6	0.5	Social	99	592	0.993243	0.250845	-1	0.01
2	6	0.5	Social	0	0	-1	-1	77	0.01
2	6	0.5	Social	1	837	0.983274	0.196655	-1	0.01
2	6	0.5	Social	2	729	0.943759	0.188752	26	0.01
2	6	0.5	Social	3	778	0.984576	0.200129	-1	0.01
2	6	0.5	Social	4	0	-1	-1	98	0.01
2	6	0.5	Social	5	748	0.958556	0.191711	-1	0.01
2	6	0.5	Social	6	0	-1	-1	71	0.01
2	6	0.5	Social	7	857	0.994166	0.198833	-1	0.01
2	6	0.5	Social	8	787	0.956798	0.19136	-1	0.01
2	6	0.5	Social	9	807	0.983891	0.196778	-1	0.01
2	6	0.5	Social	10	677	0.930576	0.186115	45	0.01
2	6	0.5	Social	11	706	0.943343	0.188669	-1	0.01
2	6	0.5	Social	12	773	0.963777	0.192755	-1	0.01
2	6	0.5	Social	13	0	-1	-1	71	0.01
2	6	0.5	Social	14	808	0.983911	0.200248	-1	0.01
2	6	0.5	Social	15	142	1	0.1	-1	0.01
2	6	0.5	Social	16	808	0.985149	0.196535	-1	0.01
2	6	0.5	Social	17	0	-1	-1	40	0.01
2	6	0.5	Social	18	767	0.940026	0.188005	-1	0.01
2	6	0.5	Social	19	735	0.940136	0.188027	-1	0.01
2	6	0.5	Social	20	831	0.975933	0.195187	27	0.01
2	6	0.5	Social	21	763	0.964613	0.192923	-1	0.01
2	6	0.5	Social	22	0	-1	-1	27	0.01
2	6	0.5	Social	23	0	-1	-1	30	0.01
2	6	0.5	Social	24	849	0.985866	0.197173	-1	0.01
2	6	0.5	Social	25	765	0.971242	0.194248	-1	0.01
2	6	0.5	Social	26	857	0.953326	0.206768	-1	0.01
2	6	0.5	Social	27	725	0.944828	0.190207	-1	0.01
2	6	0.5	Social	28	665	0.969925	0.18	4	0.01
2	6	0.5	Social	29	866	0.838337	0.201501	-1	0.01
2	6	0.5	Social	30	804	0.936567	0.187313	12	0.01
2	6	0.5	Social	31	742	0.939353	0.194205	-1	0.01
2	6	0.5	Social	32	717	0.962343	0.186471	-1	0.01
2	6	0.5	Social	33	786	0.926209	0.198219	1	0.01
2	6	0.5	Social	34	880	0.915909	0.202841	-1	0.01
2	6	0.5	Social	35	0	-1	-1	49	0.01
2	6	0.5	Social	36	810	0.975309	0.195062	-1	0.01
2	6	0.5	Social	37	746	0.936997	0.187399	42	0.01
2	6	0.5	Social	38	723	0.975104	0.195989	-1	0.01
2	6	0.5	Social	39	0	-1	-1	157	0.01
2	6	0.5	Social	40	794	0.953401	0.19068	-1	0.01
2	6	0.5	Social	41	758	0.957784	0.191557	-1	0.01
2	6	0.5	Social	42	784	0.977041	0.195408	-1	0.01
2	6	0.5	Social	43	755	0.944371	0.188874	-1	0.01
2	6	0.5	Social	44	788	0.961929	0.192386	-1	0.01
2	6	0.5	Social	45	831	0.949458	0.191336	-1	0.01
2	6	0.5	Social	46	799	0.986233	0.197247	-1	0.01
2	6	0.5	Social	47	811	0.965475	0.193095	-1	0.01
2	6	0.5	Social	48	886	0.856659	0.211061	-1	0.01
2	6	0.5	Social	49	794	0.983627	0.196725	-1	0.01
2	6	0.5	Social	50	802	0.978803	0.196135	-1	0.01
2	6	0.5	Social	51	610	0.942623	0.186721	-1	0.01
2	6	0.5	Social	52	698	0.908309	0.181662	-1	0.01
2	6	0.5	Social	53	0	-1	-1	204	0.01
2	6	0.5	Social	54	704	0.9375	0.1875	-1	0.01
2	6	0.5	Social	55	695	0.91223	0.183022	8	0.01
2	6	0.5	Social	56	811	0.972873	0.194575	-1	0.01
2	6	0.5	Social	57	811	0.986436	0.197287	-1	0.01
2	6	0.5	Social	58	826	0.975787	0.195157	-1	0.01
2	6	0.5	Social	59	752	0.977394	0.195479	-1	0.01
2	6	0.5	Social	60	758	0.960422	0.192084	-1	0.01
2	6	0.5	Social	61	837	0.980884	0.196177	-1	0.01
2	6	0.5	Social	62	0	-1	-1	53	0.01
2	6	0.5	Social	63	817	0.966952	0.19339	-1	0.01
2	6	0.5	Social	64	0	-1	-1	171	0.01
2	6	0.5	Social	65	729	0.946502	0.193827	-1	0.01
2	6	0.5	Social	66	731	0.960328	0.192066	-1	0.01
2	6	0.5	Social	67	735	0.936054	0.193741	-1	0.01
2	6	0.5	Social	68	775	0.996129	0.199226	-1	0.01
2	6	0.5	Social	69	773	0.965071	0.19379	-1	0.01
2	6	0.5	Social	70	811	0.868064	0.198274	-1	0.01
2	6	0.5	Social	71	717	0.966527	0.192887	-1	0.01
2	6	0.5	Social	72	827	0.962515	0.192503	-1	0.01
2	6	0.5	Social	73	0	-1	-1	129	0.01
2	6	0.5	Social	74	750	0.950667	0.190133	-1	0.01
2	6	0.5	Social	75	777	0.970399	0.19408	-1	0.01
2	6	0.5	Social	76	718	0.940111	0.188301	-1	0.01
2	6	0.5	Social	77	788	0.964467	0.19302	-1	0.01
2	6	0.5	Social	78	800	0.96875	0.19375	-1	0.01
2	6	0.5	Social	79	840	0.990476	0.198095	-1	0.01
2	6	0.5	Social	80	785	0.974522	0.194904	-1	0.01
2	6	0.5	Social	81	0	-1	-1	116	0.01
2	6	0.5	Social	82	822	0.957421	0.191484	-1	0.01
2	6	0.5	Social	83	839	0.979738	0.195948	-1	0.01
2	6	0.5	Social	84	780	0.951282	0.190256	-1	0.01
2	6	0.5	Social	85	812	0.961823	0.192365	-1	0.01
2	6	0.5	Social	86	174	1	0.1	-1	0.01
2	6	0.5	Social	87	679	1	0.195876	-1	0.01
2	6	0.5	Social	88	800	0.98625	0.19725	99	0.01
2	6	0.5	Social	89	741	0.954116	0.190823	-1	0.01
2	6	0.5	Social	90	0	-1	-1	143	0.01
2	6	0.5	Social	91	833	0.819928	0.195078	82	0.01
2	6	0.5	Social	92	811	0.960543	0.192109	-1	0.01
2	6	0.5	Social	93	784	0.97449	0.194898	-1	0.01
2	6	0.5	Social	94	802	0.976309	0.195262	-1	0.01
2	6	0.5	Social	95	759	0.945982	0.189196	-1	0.01
2	6	0.5	Social	96	789	0.968314	0.193663	-1	0.01
2	6	0.5	Social	97	774	0.939276	0.187855	-1	0.01
2	6	0.5	Social	98	0	-1	-1	25	0.01
2	6	0.5	Social	99	835	0.971257	0.194251	-1	0.01
3	6	0.5	Social	0	889	0.872891	0.175028	-1	0.01
3	6	0.5	Social	1	1093	0.923147	0.184629	25	0.01
3	6	0.5	Social	2	816	0.95098	0.165196	-1	0.01
3	6	0.5	Social	3	1007	0.892751	0.17855	-1	0.01
3	6	0.5	Social	4	921	0.883822	0.17937	-1	0.01
3	6	0.5	Social	5	976	0.897541	0.179508	-1	0.01
3	6	0.5	Social	6	992	0.883065	0.176109	38	0.01
3	6	0.5	Social	7	889	0.820022	0.164004	48	0.01
3	6	0.5	Social	8	1047	0.906399	0.181471	-1	0.01
3	6	0.5	Social	9	1071	0.907563	0.180952	-1	0.01
3	6	0.5	Social	10	1033	0.881897	0.176379	14	0.01
3	6	0.5	Social	11	953	0.869885	0.173872	-1	0.01
3	6	0.5	Social	12	1038	0.901734	0.180347	-1	0.01
3	6	0.5	Social	13	971	0.874356	0.174459	-1	0.01
3	6	0.5	Social	14	958	0.886221	0.177244	-1	0.01
3	6	0.5	Social	15	920	0.91413	0.184783	-1	0.01
3	6	0.5	Social	16	904	0.936947	0.175332	-1	0.01
3	6	0.5	Social	17	1152	0.940972	0.188715	-1	0.01
3	6	0.5	Social	18	936	0.95406	0.170833	-1	0.01
3	6	0.5	Social	19	890	0.875281	0.175056	-1	0.01
3	6	0.5	Social	20	862	0.931555	0.175522	-1	0.01
3	6	0.5	Social	21	957	0.918495	0.167921	-1	0.01
3	6	0.5	Social	22	916	0.867904	0.173581	-1	0.01
3	6	0.5	Social	23	950	0.86	0.172	-1	0.01
3	6	0.5	Social	24	941	0.865037	0.173007	39	0.01
3	6	0.5	Social	25	908	0.873348	0.177423	-1	0.01
3	6	0.5	Social	26	934	0.908994	0.173555	-1	0.01
3	6	0.5	Social	27	1058	0.928166	0.186767	12	0.01
3	6	0.5	Social	28	941	0.886291	0.177471	5	0.01
3	6	0.5	Social	29	1013	0.909181	0.181836	-1	0.01
3	6	0.5	Social	30	926	0.949244	0.180022	-1	0.01
3	6	0.5	Social	31	1068	0.912921	0.182584	-1	0.01
3	6	0.5	Social	32	969	0.890609	0.17936	-1	0.01
3	6	0.5	Social	33	797	0.856964	0.171016	-1	0.01
3	6	0.5	Social	34	1110	0.92973	0.185946	35	0.01
3	6	0.5	Social	35	731	0.987688	0.161696	-1	0.01
3	6	0.5	Social	36	913	0.880613	0.176889	-1	0.01
3	6	0.5	Social	37	663	0.880845	0.161388	48	0.01
3	6	0.5	Social	38	800	0.82375	0.16475	-1	0.01
3	6	0.5	Social	39	843	0.956109	0.170107	-1	0.01
3	6	0.5	Social	40	871	0.884041	0.176808	-1	0.01
3	6	0.5	Social	41	951	0.901157	0.180231	-1	0.01
3	6	0.5	Social	42	894	0.847875	0.169575	-1	0.01
3	6	0.5	Social	43	928	0.907328	0.18319	-1	0.01
3	6	0.5	Social	44	1041	0.893372	0.178674	-1	0.01
3	6	0.5	Social	45	1003	0.892323	0.178465	-1	0.01
3	6	0.5	Social	46	893	0.985442	0.171333	-1	0.01
3	6	0.5	Social	47	898	0.875278	0.175056	18	0.01
3	6	0.5	Social	48	1050	0.905714	0.181048	-1	0.01
3	6	0.5	Social	49	1065	0.926761	0.185352	-1	0.01
3	6	0.5	Social	50	959	0.831074	0.166215	8	0.01
3	6	0.5	Social	51	924	0.843074	0.16526	-1	0.01
3	6	0.5	Social	52	940	0.962766	0.183723	-1	0.01
3	6	0.5	Social	53	870	0.948276	0.174828	-1	0.01
3	6	0.5	Social	54	872	0.974771	0.173394	35	0.01
3	6	0.5	Social	55	823	0.845687	0.16938	-1	0.01
3	6	0.5	Social	56	1131	0.896552	0.187445	48	0.01
3	6	0.5	Social	57	903	0.852713	0.170764	-1	0.01
3	6	0.5	Social	58	882	0.891156	0.177551	-1	0.01
3	6	0.5	Social	59	813	0.864699	0.172571	-1	0.01
3	6	0.5	Social	60	944	0.871822	0.174364	-1	0.01
3	6	0.5	Social	61	890	0.875281	0.175056	-1	0.01
3	6	0.5	Social	62	1109	0.950406	0.190081	16	0.01
3	6	0.5	Social	63	950	0.845263	0.169053	-1	0.01
3	6	0.5	Social	64	1103	0.925657	0.185131	-1	0.01
3	6	0.5	Social	65	852	0.846244	0.170188	-1	0.01
3	6	0.5	Social	66	952	0.857143	0.171534	-1	0.01
3	6	0.5	Social	67	719	0.938804	0.167316	-1	0.01
3	6	0.5	Social	68	904	0.943584	0.172898	-1	0.01
3	6	0.5	Social	69	957	0.857889	0.173354	-1	0.01
3	6	0.5	Social	70	883	0.856172	0.171234	-1	0.01
3	6	0.5	Social	71	904	0.861726	0.17323	-1	0.01
3	6	0.5	Social	72	914	0.871991	0.174398	-1	0.01
3	6	0.5	Social	73	1011	0.882295	0.177052	-1	0.01
3	6	0.5	Social	74	894	0.86689	0.173378	13	0.01
3	6	0.5	Social	75	1042	0.900192	0.180038	2	0.01
3	6	0.5	Social	76	922	0.860087	0.171584	12	0.01
3	6	0.5	Social	77	861	0.847851	0.16957	-1	0.01
3	6	0.5	Social	78	1182	0.941624	0.188325	-1	0.01
3	6	0.5	Social	79	824	0.953883	0.170146	-1	0.01
3	6	0.5	Social	80	990	0.857576	0.171515	-1	0.01
3	6	0.5	Social	81	979	0.88049	0.176098	-1	0.01
3	6	0.5	Social	82	1007	0.886792	0.177358	3	0.01
3	6	0.5	Social	83	949	0.866175	0.175342	19	0.01
3	6	0.5	Social	84	1056	0.888258	0.177652	-1	0.01
3	6	0.5	Social	85	1117	0.929275	0.185855	-1	0.01
3	6	0.5	Social	86	898	0.868597	0.173719	-1	0.01
3	6	0.5	Social	87	810	0.923457	0.17037	-1	0.01
3	6	0.5	Social	88	996	0.898594	0.181325	-1	0.01
3	6	0.5	Social	89	1089	0.9045	0.181635	-1	0.01
3	6	0.5	Social	90	1042	0.885797	0.177159	-1	0.01
3	6	0.5	Social	91	952	0.89916	0.179832	-1	0.01
3	6	0.5	Social	92	857	0.88098	0.176663	-1	0.01
3	6	0.5	Social	93	263	0.996198	0.0996198	-1	0.01
3	6	0.5	Social	94	948	0.973629	0.175527	-1	0.01
3	6	0.5	Social	95	1010	0.888119	0.184752	-1	0.01
3	6	0.5	Social	96	968	0.869835	0.176136	-1	0.01
3	6	0.5	Social	97	1020	0.897059	0.180098	-1	0.01
3	6	0.5	Social	98	960	0.926042	0.173854	-1	0.01
3	6	0.5	Social	99	927	0.886731	0.176375	-1	0.01
4	6	0.5	Social	0	1035	0.936232	0.158357	13	0.01
4	6	0.5	Social	1	869	0.882624	0.152244	-1	0.01
4	6	0.5	Social	2	899	0.985539	0.167408	-1	0.01
4	6	0.5	Social	3	1005	0.79403	0.158905	-1	0.01
4	6	0.5	Social	4	898	0.982183	0.153341	-1	0.01
4	6	0.5	Social	5	984	0.898374	0.157622	-1	0.01
4	6	0.5	Social	6	1059	0.82153	0.164967	-1	0.01
4	6	0.5	Social	7	1047	0.854823	0.164565	5	0.01
4	6	0.5	Social	8	1041	0.894332	0.161287	-1	0.01
4	6	0.5	Social	9	910	0.975824	0.156044	-1	0.01
4	6	0.5	Social	10	1156	0.888408	0.170415	-1	0.01
4	6	0.5	Social	11	1217	0.843878	0.168776	-1	0.01
4	6	0.5	Social	12	910	0.979121	0.158132	-1	0.01
4	6	0.5	Social	13	917	0.833152	0.159651	-1	0.01
4	6	0.5	Social	14	832	0.985577	0.154327	-1	0.01
4	6	0.5	Social	15	1122	0.808378	0.161943	-1	0.01
4	6	0.5	Social	16	1051	0.823977	0.164129	-1	0.01
4	6	0.5	Social	17	1139	0.804214	0.162423	-1	0.01
4	6	0.5	Social	18	846	0.847518	0.159338	-1	0.01
4	6	0.5	Social	19	915	0.931148	0.157377	-1	0.01
4	6	0.5	Social	20	1043	0.814957	0.163663	-1	0.01
4	6	0.5	Social	21	1014	0.963511	0.156903	-1	0.01
4	6	0.5	Social	22	1220	0.843443	0.169508	10	0.01
4	6	0.5	Social	23	1026	0.850877	0.1577	-1	0.01
4	6	0.5	Social	24	1071	0.951447	0.165453	-1	0.01
4	6	0.5	Social	25	1063	0.804327	0.161524	-1	0.01
4	6	0.5	Social	26	1091	0.796517	0.159303	-1	0.01
4	6	0.5	Social	27	804	0.936567	0.153358	-1	0.01
4	6	0.5	Social	28	1090	0.797248	0.162752	-1	0.01
4	6	0.5	Social	29	1174	0.833901	0.167206	-1	0.01
4	6	0.5	Social	30	1132	0.860424	0.168375	-1	0.01
4	6	0.5	Social	31	1190	0.977311	0.171765	-1	0.01
4	6	0.5	Social	32	1040	0.833654	0.164808	24	0.01
4	6	0.5	Social	33	1025	0.943415	0.161366	-1	0.01
4	6	0.5	Social	34	1014	0.79783	0.159566	-1	0.01
4	6	0.5	Social	35	938	0.91791	0.157036	-1	0.01
4	6	0.5	Social	36	977	0.878199	0.155271	-1	0.01
4	6	0.5	Social	37	909	0.948295	0.152035	-1	0.01
4	6	0.5	Social	38	1071	0.817927	0.163585	-1	0.01
4	6	0.5	Social	39	928	0.923491	0.155496	-1	0.01
4	6	0.5	Social	40	1138	0.814587	0.162917	-1	0.01
4	6	0.5	Social	41	935	0.959358	0.156364	-1	0.01
4	6	0.5	Social	42	1093	0.874657	0.158188	-1	0.01
4	6	0.5	Social	43	1173	0.846547	0.16769	-1	0.01
4	6	0.5	Social	44	1344	0.892113	0.17619	-1	0.01
4	6	0.5	Social	45	1033	0.901258	0.158277	-1	0.01
4	6	0.5	Social	46	826	0.937046	0.151574	4	0.01
4	6	0.5	Social	47	1110	0.830631	0.166757	-1	0.01
4	6	0.5	Social	48	1049	0.786463	0.156149	-1	0.01
4	6	0.5	Social	49	1055	0.795261	0.161706	-1	0.01
4	6	0.5	Social	50	1078	0.923933	0.160297	-1	0.01
4	6	0.5	Social	51	967	0.940021	0.157291	25	0.01
4	6	0.5	Social	52	1119	0.857909	0.160411	-1	0.01
4	6	0.5	Social	53	1022	0.971624	0.162427	-1	0.01
4	6	0.5	Social	54	857	0.934656	0.150875	-1	0.01
4	6	0.5	Social	55	1114	0.821364	0.164452	32	0.01
4	6	0.5	Social	56	920	0.73587	0.150435	-1	0.01
4	6	0.5	Social	57	1080	0.930556	0.162222	-1	0.01
4	6	0.5	Social	58	1023	0.993157	0.16305	-1	0.01
4	6	0.5	Social	59	989	0.952477	0.158443	-1	0.01
4	6	0.5	Social	60	1050	0.947619	0.163619	-1	0.01
4	6	0.5	Social	61	999	0.781782	0.157157	-1	0.01
4	6	0.5	Social	62	1114	0.873429	0.159336	-1	0.01
4	6	0.5	Social	63	1034	0.827853	0.164023	-1	0.01
4	6	0.5	Social	64	1042	0.787908	0.157582	-1	0.01
4	6	0.5	Social	65	1035	0.97971	0.152464	-1	0.01
4	6	0.5	Social	66	1200	0.8525	0.171167	-1	0.01
4	6	0.5	Social	67	1233	0.872668	0.174534	-1	0.01
4	6	0.5	Social	68	1139	0.976295	0.165145	-1	0.01
4	6	0.5	Social	69	1034	0.783366	0.157157	-1	0.01
4	6	0.5	Social	70	962	0.793139	0.15894	-1	0.01
4	6	0.5	Social	71	939	0.984026	0.156869	-1	0.01
4	6	0.5	Social	72	1183	0.830093	0.166019	-1	0.01
4	6	0.5	Social	73	1059	0.863078	0.159868	-1	0.01
4	6	0.5	Social	74	996	0.815261	0.155622	-1	0.01
4	6	0.5	Social	75	919	0.803047	0.16148	-1	0.01
4	6	0.5	Social	76	948	0.794304	0.158861	30	0.01
4	6	0.5	Social	77	1124	0.808719	0.162367	-1	0.01
4	6	0.5	Social	78	1026	0.791423	0.158187	-1	0.01
4	6	0.5	Social	79	912	0.989035	0.155702	53	0.01
4	6	0.5	Social	80	1015	0.978325	0.163054	-1	0.01
4	6	0.5	Social	81	1018	0.810413	0.162083	-1	0.01
4	6	0.5	Social	82	1137	0.828496	0.166227	-1	0.01
4	6	0.5	Social	83	1054	0.791271	0.158444	20	0.01
4	6	0.5	Social	84	1134	0.932981	0.165344	-1	0.01
4	6	0.5	Social	85	1088	0.809743	0.163235	45	0.01
4	6	0.5	Social	86	1060	0.983019	0.15283	-1	0.01
4	6	0.5	Social	87	1217	0.835661	0.168283	-1	0.01
4	6	0.5	Social	88	1124	0.827402	0.16548	-1	0.01
4	6	0.5	Social	89	1050	0.785714	0.158476	-1	0.01
4	6	0.5	Social	90	1034	0.863636	0.161992	-1	0.01
4	6	0.5	Social	91	1212	0.84736	0.169472	-1	0.01
4	6	0.5	Social	92	984	0.772358	0.156911	-1	0.01
4	6	0.5	Social	93	989	0.824065	0.164813	2	0.01
4	6	0.5	Social	94	985	0.763452	0.153503	12	0.01
4	6	0.5	Social	95	1009	0.790882	0.159366	18	0.01
4	6	0.5	Social	96	892	0.946188	0.152915	-1	0.01
4	6	0.5	Social	97	1111	0.828083	0.165797	-1	0.01
4	6	0.5	Social	98	1093	0.827996	0.165599	-1	0.01
4	6	0.5	Social	99	1069	0.843779	0.168475	-1	0.01
5	6	0.5	Social	0	1006	0.919483	0.147217	-1	0.01
5	6	0.5	Social	1	936	0.934829	0.147756	-1	0.01
5	6	0.5	Social	2	1024	0.735352	0.145215	-1	0.01
5	6	0.5	Social	3	989	0.9636	0.149848	-1	0.01
5	6	0.5	Social	4	1045	0.895694	0.144115	-1	0.01
5	6	0.5	Social	5	1102	0.753176	0.150907	40	0.01
5	6	0.5	Social	6	1161	0.977606	0.157709	-1	0.01
5	6	0.5	Social	7	991	0.958628	0.147528	-1	0.01
5	6	0.5	Social	8	1045	0.925359	0.145167	-1	0.01
5	6	0.5	Social	9	1111	0.842484	0.151485	-1	0.01
5	6	0.5	Social	10	978	0.736196	0.147239	-1	0.01
5	6	0.5	Social	11	1120	0.81875	0.146786	-1	0.01
5	6	0.5	Social	12	894	0.860179	0.133557	-1	0.01
5	6	0.5	Social	13	1022	0.810176	0.145499	-1	0.01
5	6	0.5	Social	14	1159	0.815358	0.149698	16	0.01
5	6	0.5	Social	15	863	0.945539	0.138818	8	0.01
5	6	0.5	Social	16	981	0.924567	0.141488	56	0.01
5	6	0.5	Social	17	882	0.968254	0.135601	-1	0.01
5	6	0.5	Social	18	1038	0.985549	0.145568	-1	0.01
5	6	0.5	Social	19	1101	0.907357	0.153406	-1	0.01
5	6	0.5	Social	20	1123	0.747106	0.150134	-1	0.01
5	6	0.5	Social	21	1012	0.87747	0.14496	-1	0.01
5	6	0.5	Social	22	1259	0.78475	0.157824	26	0.01
5	6	0.5	Social	23	1140	0.837719	0.150351	2	0.01
5	6	0.5	Social	24	1204	0.766611	0.153904	-1	0.01
5	6	0.5	Social	25	1029	0.734694	0.146356	-1	0.01
5	6	0.5	Social	26	1270	0.958268	0.156693	-1	0.01
5	6	0.5	Social	27	1015	0.97931	0.144433	-1	0.01
5	6	0.5	Social	28	1059	0.857413	0.14542	-1	0.01
5	6	0.5	Social	29	1010	0.741584	0.148317	-1	0.01
5	6	0.5	Social	30	1213	0.787304	0.159357	15	0.01
5	6	0.5	Social	31	1256	0.765924	0.153742	-1	0.01
5	6	0.5	Social	32	962	0.89501	0.142516	-1	0.01
5	6	0.5	Social	33	1044	0.94636	0.147126	-1	0.01
5	6	0.5	Social	34	896	0.955357	0.139844	2	0.01
5	6	0.5	Social	35	1278	0.965571	0.158607	-1	0.01
5	6	0.5	Social	36	1096	0.877737	0.150547	-1	0.01
5	6	0.5	Social	37	1207	0.76222	0.152444	-1	0.01
5	6	0.5	Social	38	892	0.949552	0.140247	-1	0.01
5	6	0.5	Social	39	930	0.970968	0.143871	-1	0.01
5	6	0.5	Social	40	997	0.868606	0.138014	3	0.01
5	6	0.5	Social	41	1268	0.990536	0.157571	-1	0.01
5	6	0.5	Social	42	1252	0.81869	0.164377	-1	0.01
5	6	0.5	Social	43	984	0.940041	0.140244	-1	0.01
5	6	0.5	Social	44	1217	0.804437	0.161216	-1	0.01
5	6	0.5	Social	45	1115	0.758744	0.15157	-1	0.01
5	6	0.5	Social	46	1067	0.835052	0.145736	-1	0.01
5	6	0.5	Social	47	1213	0.756801	0.15202	36	0.01
5	6	0.5	Social	48	1167	0.880034	0.155441	-1	0.01
5	6	0.5	Social	49	1061	0.882187	0.151178	-1	0.01
5	6	0.5	Social	50	1136	0.979754	0.146919	-1	0.01
5	6	0.5	Social	51	1221	0.902539	0.155856	-1	0.01
5	6	0.5	Social	52	944	0.951271	0.143962	16	0.01
5	6	0.5	Social	53	1212	0.784653	0.156931	-1	0.01
5	6	0.5	Social	54	947	0.882788	0.142661	-1	0.01
5	6	0.5	Social	55	1185	0.810127	0.15519	-1	0.01
5	6	0.5	Social	56	1171	0.756618	0.152092	26	0.01
5	6	0.5	Social	57	1148	0.864983	0.153397	-1	0.01
5	6	0.5	Social	58	1099	0.740673	0.148772	-1	0.01
5	6	0.5	Social	59	960	0.834375	0.143542	-1	0.01
5	6	0.5	Social	60	993	0.72004	0.149547	-1	0.01
5	6	0.5	Social	61	1110	0.94955	0.15027	-1	0.01
5	6	0.5	Social	62	1022	0.882583	0.147945	20	0.01
5	6	0.5	Social	63	863	0.982619	0.143105	29	0.01
5	6	0.5	Social	64	1111	0.945995	0.152115	-1	0.01
5	6	0.5	Social	65	863	0.95365	0.131981	13	0.01
5	6	0.5	Social	66	976	0.930328	0.14457	-1	0.01
5	6	0.5	Social	67	858	0.97669	0.134499	-1	0.01
5	6	0.5	Social	68	1025	0.980488	0.149366	-1	0.01
5	6	0.5	Social	69	1077	0.879294	0.146054	-1	0.01
5	6	0.5	Social	70	1261	0.940523	0.15567	20	0.01
5	6	0.5	Social	71	1205	0.907884	0.155768	-1	0.01
5	6	0.5	Social	72	1060	0.967925	0.149057	-1	0.01
5	6	0.5	Social	73	1136	0.939261	0.152201	-1	0.01
5	6	0.5	Social	74	1058	0.727788	0.145747	-1	0.01
5	6	0.5	Social	75	1175	0.76	0.153021	-1	0.01
5	6	0.5	Social	76	1236	0.788835	0.159385	-1	0.01
5	6	0.5	Social	77	1039	0.801732	0.150337	-1	0.01
5	6	0.5	Social	78	1078	0.906308	0.153432	-1	0.01
5	6	0.5	Social	79	860	0.944186	0.137209	46	0.01
5	6	0.5	Social	80	1106	0.802893	0.147107	-1	0.01
5	6	0.5	Social	81	1177	0.781648	0.15599	-1	0.01
5	6	0.5	Social	82	949	0.894626	0.146575	-1	0.01
5	6	0.5	Social	83	1059	0.90085	0.149103	-1	0.01
5	6	0.5	Social	84	1016	0.88878	0.145276	-1	0.01
5	6	0.5	Social	85	1029	0.917396	0.148299	-1	0.01
5	6	0.5	Social	86	1079	0.924004	0.146617	-1	0.01
5	6	0.5	Social	87	1010	0.963366	0.141386	-1	0.01
5	6	0.5	Social	88	1048	0.766221	0.152767	5	0.01
5	6	0.5	Social	89	1038	0.935453	0.145472	-1	0.01
5	6	0.5	Social	90	1242	0.766506	0.153945	-1	0.01
5	6	0.5	Social	91	988	0.871457	0.148279	34	0.01
5	6	0.5	Social	92	885	0.938983	0.138305	-1	0.01
5	6	0.5	Social	93	846	0.957447	0.130496	-1	0.01
5	6	0.5	Social	94	953	0.9234	0.13914	-1	0.01
5	6	0.5	Social	95	1008	0.948413	0.145833	-1	0.01
5	6	0.5	Social	96	1239	0.992736	0.156094	-1	0.01
5	6	0.5	Social	97	928	0.674569	0.134914	-1	0.01
5	6	0.5	Social	98	1209	0.92804	0.154177	-1	0.01
5	6	0.5	Social	99	1230	0.787805	0.16	23	0.01
6	6	0.5	Social	0	1068	0.899813	0.13764	-1	0.01
6	6	0.5	Social	1	1189	0.857864	0.141127	-1	0.01
6	6	0.5	Social	2	1079	0.702502	0.1405	-1	0.01
6	6	0.5	Social	3	1091	0.900092	0.138772	-1	0.01
6	6	0.5	Social	4	1347	0.751299	0.15026	-1	0.01
6	6	0.5	Social	5	1097	0.96536	0.137466	-1	0.01
6	6	0.5	Social	6	1224	0.954248	0.144118	-1	0.01
6	6	0.5	Social	7	1197	0.954052	0.142857	-1	0.01
6	6	0.5	Social	8	1027	0.899708	0.135346	-1	0.01
6	6	0.5	Social	9	1249	0.935148	0.141633	-1	0.01
6	6	0.5	Social	10	1105	0.955656	0.142986	-1	0.01
6	6	0.5	Social	11	1112	0.95054	0.13777	24	0.01
6	6	0.5	Social	12	947	0.946146	0.131362	-1	0.01
6	6	0.5	Social	13	1012	0.873518	0.134289	-1	0.01
6	6	0.5	Social	14	972	0.912551	0.137757	5	0.01
6	6	0.5	Social	15	1100	0.888182	0.136636	-1	0.01
6	6	0.5	Social	16	843	0.941874	0.121471	-1	0.01
6	6	0.5	Social	17	1026	0.781676	0.138012	-1	0.01
6	6	0.5	Social	18	1159	0.919758	0.14038	31	0.01
6	6	0.5	Social	19	1188	0.796296	0.14234	-1	0.01
6	6	0.5	Social	20	1249	0.734187	0.147078	-1	0.01
6	6	0.5	Social	21	1299	0.755966	0.151347	-1	0.01
6	6	0.5	Social	22	790	0.943038	0.116582	-1	0.01
6	6	0.5	Social	23	1135	0.929515	0.138767	-1	0.01
6	6	0.5	Social	24	1144	0.938811	0.142045	-1	0.01
6	6	0.5	Social	25	1177	0.901444	0.138148	-1	0.01
6	6	0.5	Social	26	1162	0.817556	0.141652	-1	0.01
6	6	0.5	Social	27	1447	0.934347	0.151209	-1	0.01
6	6	0.5	Social	28	1138	0.924429	0.138752	-1	0.01
6	6	0.5	Social	29	976	0.97541	0.134016	33	0.01
6	6	0.5	Social	30	1125	0.943111	0.144622	-1	0.01
6	6	0.5	Social	31	900	0.933333	0.125778	-1	0.01
6	6	0.5	Social	32	1168	0.703767	0.142295	12	0.01
6	6	0.5	Social	33	1060	0.681132	0.133019	-1	0.01
6	6	0.5	Social	34	1241	0.929089	0.142466	-1	0.01
6	6	0.5	Social	35	1069	0.968195	0.135734	-1	0.01
6	6	0.5	Social	36	1063	0.741298	0.13603	-1	0.01
6	6	0.5	Social	37	1169	0.895637	0.141232	-1	0.01
6	6	0.5	Social	38	972	0.880658	0.131173	-1	0.01
6	6	0.5	Social	39	1125	0.913778	0.138578	-1	0.01
6	6	0.5	Social	40	1145	0.844541	0.140349	-1	0.01
6	6	0.5	Social	41	981	0.788991	0.130071	-1	0.01
6	6	0.5	Social	42	1123	0.854853	0.142743	-1	0.01
6	6	0.5	Social	43	1097	0.927985	0.140565	-1	0.01
6	6	0.5	Social	44	1061	0.917059	0.13902	-1	0.01
6	6	0.5	Social	45	1027	0.911392	0.127751	-1	0.01
6	6	0.5	Social	46	1178	0.687606	0.142105	-1	0.01
6	6	0.5	Social	47	1370	0.892701	0.153942	-1	0.01
6	6	0.5	Social	48	1138	0.921793	0.139104	-1	0.01
6	6	0.5	Social	49	1065	0.851643	0.134836	-1	0.01
6	6	0.5	Social	50	1062	0.978343	0.139077	-1	0.01
6	6	0.5	Social	51	1148	0.985192	0.139983	-1	0.01
6	6	0.5	Social	52	1077	0.848654	0.13909	3	0.01
6	6	0.5	Social	53	1128	0.942376	0.137943	-1	0.01
6	6	0.5	Social	54	1142	0.732925	0.147285	-1	0.01
6	6	0.5	Social	55	1063	0.863594	0.132738	-1	0.01
6	6	0.5	Social	56	978	0.896728	0.133538	-1	0.01
6	6	0.5	Social	57	949	0.964173	0.130875	-1	0.01
6	6	0.5	Social	58	1131	0.725022	0.145004	-1	0.01
6	6	0.5	Social	59	967	0.977249	0.129162	-1	0.01
6	6	0.5	Social	60	996	0.958835	0.128012	5	0.01
6	6	0.5	Social	61	1185	0.795781	0.141013	-1	0.01
6	6	0.5	Social	62	1037	0.978785	0.134908	-1	0.01
6	6	0.5	Social	63	1209	0.82713	0.145161	-1	0.01
6	6	0.5	Social	64	1073	0.964585	0.138583	-1	0.01
6	6	0.5	Social	65	1139	0.870939	0.141001	-1	0.01
6	6	0.5	Social	66	1374	0.901019	0.149054	-1	0.01
6	6	0.5	Social	67	1261	0.708168	0.142268	-1	0.01
6	6	0.5	Social	68	1310	0.976336	0.14374	-1	0.01
6	6	0.5	Social	69	1077	0.913649	0.134355	-1	0.01
6	6	0.5	Social	70	1114	0.894075	0.135996	-1	0.01
6	6	0.5	Social	71	985	0.968528	0.127513	-1	0.01
6	6	0.5	Social	72	1145	0.923144	0.14262	-1	0.01
6	6	0.5	Social	73	971	0.942327	0.129042	-1	0.01
6	6	0.5	Social	74	1086	0.894107	0.138858	-1	0.01
6	6	0.5	Social	75	966	0.827122	0.134265	-1	0.01
6	6	0.5	Social	76	1102	0.720508	0.13775	-1	0.01
6	6	0.5	Social	77	1243	0.880933	0.150442	-1	0.01
6	6	0.5	Social	78	1296	0.809414	0.149846	-1	0.01
6	6	0.5	Social	79	1115	0.964126	0.140897	-1	0.01
6	6	0.5	Social	80	939	0.929712	0.128435	-1	0.01
6	6	0.5	Social	81	973	0.942446	0.131449	-1	0.01
6	6	0.5	Social	82	948	0.937764	0.130907	18	0.01
6	6	0.5	Social	83	1063	0.911571	0.13603	-1	0.01
6	6	0.5	Social	84	998	0.945892	0.130261	-1	0.01
6	6	0.5	Social	85	1300	0.886923	0.147615	-1	0.01
6	6	0.5	Social	86	1101	0.88465	0.144233	-1	0.01
6	6	0.5	Social	87	988	0.978745	0.134312	16	0.01
6	6	0.5	Social	88	1053	0.969611	0.137227	3	0.01
6	6	0.5	Social	89	963	0.965732	0.13406	-1	0.01
6	6	0.5	Social	90	1110	0.938739	0.137477	-1	0.01
6	6	0.5	Social	91	1230	0.73252	0.147724	23	0.01
6	6	0.5	Social	92	1084	0.916974	0.139483	-1	0.01
6	6	0.5	Social	93	1129	0.95217	0.140744	-1	0.01
6	6	0.5	Social	94	996	0.913655	0.131325	-1	0.01
6	6	0.5	Social	95	1129	0.914083	0.136581	-1	0.01
6	6	0.5	Social	96	1092	0.886447	0.140476	-1	0.01
6	6	0.5	Social	97	1126	0.92984	0.147069	-1	0.01
6	6	0.5	Social	98	1163	0.953568	0.141101	-1	0.01
6	6	0.5	Social	99	837	0.949821	0.119833	11	0.01
7	6	0.5	Social	0	1379	0.91298	0.140972	-1	0.01
7	6	0.5	Social	1	1129	0.920283	0.129584	-1	0.01
7	6	0.5	Social	2	1196	0.653846	0.133027	-1	0.01
7	6	0.5	Social	3	1072	0.9375	0.125746	-1	0.01
7	6	0.5	Social	4	1319	0.702805	0.141319	9	0.01
7	6	0.5	Social	5	1108	0.929603	0.125	5	0.01
7	6	0.5	Social	6	1024	0.921875	0.124609	-1	0.01
7	6	0.5	Social	7	1137	0.973615	0.125682	-1	0.01
7	6	0.5	Social	8	1088	0.929228	0.129688	7	0.01
7	6	0.5	Social	9	920	0.921739	0.11087	-1	0.01
7	6	0.5	Social	10	1196	0.968227	0.136957	-1	0.01
7	6	0.5	Social	11	1263	0.977831	0.135788	-1	0.01
7	6	0.5	Social	12	757	0.984148	0.0984148	-1	0.01
7	6	0.5	Social	13	1116	0.896057	0.132796	-1	0.01
7	6	0.5	Social	14	998	0.776553	0.123547	-1	0.01
7	6	0.5	Social	15	1077	0.798514	0.127577	-1	0.01
7	6	0.5	Social	16	1116	0.94086	0.131183	-1	0.01
7	6	0.5	Social	17	1169	0.982036	0.128571	-1	0.01
7	6	0.5	Social	18	1240	0.824194	0.13629	2	0.01
7	6	0.5	Social	19	840	0.947619	0.113333	-1	0.01
7	6	0.5	Social	20	978	0.962168	0.122904	-1	0.01
7	6	0.5	Social	21	1074	0.903166	0.119181	-1	0.01
7	6	0.5	Social	22	1042	0.927063	0.126775	-1	0.01
7	6	0.5	Social	23	1145	0.91179	0.129607	-1	0.01
7	6	0.5	Social	24	1080	0.950926	0.127593	-1	0.01
7	6	0.5	Social	25	1015	0.939901	0.129458	-1	0.01
7	6	0.5	Social	26	1136	0.922535	0.127641	-1	0.01
7	6	0.5	Social	27	1293	0.916473	0.136736	-1	0.01
7	6	0.5	Social	28	1163	0.872743	0.133448	-1	0.01
7	6	0.5	Social	29	1010	0.928713	0.122475	-1	0.01
7	6	0.5	Social	30	1039	0.93744	0.122233	-1	0.01
7	6	0.5	Social	31	1228	0.90228	0.137541	-1	0.01
7	6	0.5	Social	32	1079	0.97683	0.122521	-1	0.01
7	6	0.5	Social	33	1289	0.917766	0.138014	-1	0.01
7	6	0.5	Social	34	748	0.989305	0.0989305	-1	0.01
7	6	0.5	Social	35	1088	0.89614	0.127757	-1	0.01
7	6	0.5	Social	36	1208	0.946192	0.139238	8	0.01
7	6	0.5	Social	37	1134	0.92328	0.129894	-1	0.01
7	6	0.5	Social	38	965	0.86114	0.117513	-1	0.01
7	6	0.5	Social	39	926	0.950324	0.114795	13	0.01
7	6	0.5	Social	40	1008	0.874008	0.122421	-1	0.01
7	6	0.5	Social	41	1108	0.856498	0.131859	-1	0.01
7	6	0.5	Social	42	997	0.941825	0.121264	19	0.01
7	6	0.5	Social	43	1007	0.937438	0.121152	-1	0.01
7	6	0.5	Social	44	939	0.86688	0.117252	-1	0.01
7	6	0.5	Social	45	1118	0.805009	0.132648	-1	0.01
7	6	0.5	Social	46	1154	0.892548	0.135095	-1	0.01
7	6	0.5	Social	47	1176	0.797619	0.134354	-1	0.01
7	6	0.5	Social	48	1008	0.957341	0.118056	-1	0.01
7	6	0.5	Social	49	979	0.930541	0.121553	-1	0.01
7	6	0.5	Social	50	1084	0.936347	0.126384	-1	0.01
7	6	0.5	Social	51	1153	0.943625	0.128881	-1	0.01
7	6	0.5	Social	52	1096	0.834854	0.121715	-1	0.01
7	6	0.5	Social	53	1185	0.897046	0.135443	11	0.01
7	6	0.5	Social	54	1052	0.962928	0.126616	19	0.01
7	6	0.5	Social	55	1146	0.986911	0.124346	-1	0.01
7	6	0.5	Social	56	1167	0.953728	0.137018	-1	0.01
7	6	0.5	Social	57	1019	0.929342	0.124141	4	0.01
7	6	0.5	Social	58	1268	0.940063	0.134385	-1	0.01
7	6	0.5	Social	59	1208	0.727649	0.135762	-1	0.01
7	6	0.5	Social	60	1233	0.935929	0.13382	-1	0.01
7	6	0.5	Social	61	973	0.874615	0.125077	-1	0.01
7	6	0.5	Social	62	1163	0.964746	0.134222	-1	0.01
7	6	0.5	Social	63	991	0.958628	0.123411	-1	0.01
7	6	0.5	Social	64	1014	0.897436	0.123077	-1	0.01
7	6	0.5	Social	65	1141	0.956179	0.131376	-1	0.01
7	6	0.5	Social	66	1197	0.873851	0.135088	-1	0.01
7	6	0.5	Social	67	1015	0.892611	0.124433	17	0.01
7	6	0.5	Social	68	982	0.949084	0.116497	-1	0.01
7	6	0.5	Social	69	1038	0.955684	0.122736	-1	0.01
7	6	0.5	Social	70	1237	0.927243	0.139612	-1	0.01
7	6	0.5	Social	71	985	0.938071	0.122234	-1	0.01
7	6	0.5	Social	72	1175	0.945532	0.130213	-1	0.01
7	6	0.5	Social	73	940	0.868085	0.117766	4	0.01
7	6	0.5	Social	74	1053	0.941121	0.121083	-1	0.01
7	6	0.5	Social	75	1207	0.652858	0.130986	-1	0.01
7	6	0.5	Social	76	1106	0.921338	0.127396	-1	0.01
7	6	0.5	Social	77	1091	0.953254	0.127589	-1	0.01
7	6	0.5	Social	78	1062	0.915254	0.123446	-1	0.01
7	6	0.5	Social	79	1232	0.804383	0.136201	-1	0.01
7	6	0.5	Social	80	1152	0.897569	0.132031	-1	0.01
7	6	0.5	Social	81	965	0.969948	0.121969	-1	0.01
7	6	0.5	Social	82	1061	0.781338	0.129406	-1	0.01
7	6	0.5	Social	83	1190	0.817647	0.135714	-1	0.01
7	6	0.5	Social	84	973	0.966084	0.122302	-1	0.01
7	6	0.5	Social	85	1213	0.868096	0.132894	-1	0.01
7	6	0.5	Social	86	971	0.92482	0.116375	4	0.01
7	6	0.5	Social	87	1132	0.929329	0.125177	-1	0.01
7	6	0.5	Social	88	1169	0.887083	0.132763	-1	0.01
7	6	0.5	Social	89	1149	0.930374	0.133072	19	0.01
7	6	0.5	Social	90	1285	0.924514	0.137276	24	0.01
7	6	0.5	Social	91	921	0.887079	0.122801	8	0.01
7	6	0.5	Social	92	1267	0.898185	0.137806	-1	0.01
7	6	0.5	Social	93	1090	0.622018	0.124404	-1	0.01
7	6	0.5	Social	94	989	0.854398	0.12184	-1	0.01
7	6	0.5	Social	95	1212	0.950495	0.134076	-1	0.01
7	6	0.5	Social	96	940	0.982979	0.118298	-1	0.01
7	6	0.5	Social	97	897	0.952062	0.111706	-1	0.01
7	6	0.5	Social	98	1066	0.789869	0.131332	-1	0.01
7	6	0.5	Social	99	1107	0.825655	0.13243	-1	0.01
8	6	0.5	Social	0	815	0.98773	0.098773	-1	0.01
8	6	0.5	Social	1	1199	0.936614	0.125188	-1	0.01
8	6	0.5	Social	2	1152	0.945312	0.124913	-1	0.01
8	6	0.5	Social	3	959	0.872784	0.108029	-1	0.01
8	6	0.5	Social	4	1305	0.780077	0.129425	-1	0.01
8	6	0.5	Social	5	1066	0.963415	0.112477	10	0.01
8	6	0.5	Social	6	1168	0.969178	0.123545	-1	0.01
8	6	0.5	Social	7	1096	0.965328	0.117974	-1	0.01
8	6	0.5	Social	8	1307	0.654935	0.132058	-1	0.01
8	6	0.5	Social	9	1020	0.968627	0.109804	13	0.01
8	6	0.5	Social	10	1188	0.810606	0.128367	-1	0.01
8	6	0.5	Social	11	1133	0.986761	0.11624	-1	0.01
8	6	0.5	Social	12	1032	0.903101	0.118023	-1	0.01
8	6	0.5	Social	13	894	0.987696	0.0987696	-1	0.01
8	6	0.5	Social	14	1114	0.768402	0.12307	-1	0.01
8	6	0.5	Social	15	1078	0.879406	0.113358	32	0.01
8	6	0.5	Social	16	1021	0.928501	0.112047	-1	0.01
8	6	0.5	Social	17	1421	0.926812	0.132301	-1	0.01
8	6	0.5	Social	18	1179	0.918575	0.12112	-1	0.01
8	6	0.5	Social	19	1188	0.936869	0.122896	-1	0.01
8	6	0.5	Social	20	1139	0.90518	0.122915	-1	0.01
8	6	0.5	Social	21	818	0.957213	0.0962103	-1	0.01
8	6	0.5	Social	22	896	0.967634	0.0983259	-1	0.01
8	6	0.5	Social	23	1117	0.907789	0.114145	-1	0.01
8	6	0.5	Social	24	1216	0.897204	0.120724	34	0.01
8	6	0.5	Social	25	1140	0.961404	0.117982	-1	0.01
8	6	0.5	Social	26	1155	0.992208	0.122684	-1	0.01
8	6	0.5	Social	27	1042	0.885797	0.115643	-1	0.01
8	6	0.5	Social	28	889	0.985377	0.0985377	-1	0.01
8	6	0.5	Social	29	1108	0.833032	0.121751	-1	0.01
8	6	0.5	Social	30	984	0.905488	0.104776	-1	0.01
8	6	0.5	Social	31	1026	0.87232	0.114912	-1	0.01
8	6	0.5	Social	32	954	0.851153	0.108071	-1	0.01
8	6	0.5	Social	33	1054	0.944972	0.117837	-1	0.01
8	6	0.5	Social	34	1039	0.882579	0.115207	-1	0.01
8	6	0.5	Social	35	1154	0.820624	0.120711	-1	0.01
8	6	0.5	Social	36	1059	0.932011	0.113126	-1	0.01
8	6	0.5	Social	37	1381	0.865315	0.134106	-1	0.01
8	6	0.5	Social	38	940	0.98617	0.105638	-1	0.01
8	6	0.5	Social	39	1264	0.941456	0.129272	-1	0.01
8	6	0.5	Social	40	1138	0.839192	0.120475	-1	0.01
8	6	0.5	Social	41	995	0.922613	0.115477	-1	0.01
8	6	0.5	Social	42	1274	0.925432	0.131162	-1	0.01
8	6	0.5	Social	43	1026	0.939571	0.112865	-1	0.01
8	6	0.5	Social	44	1351	0.949667	0.132346	-1	0.01
8	6	0.5	Social	45	1295	0.94749	0.129498	-1	0.01
8	6	0.5	Social	46	938	0.981876	0.110661	-1	0.01
8	6	0.5	Social	47	1209	0.890819	0.12225	-1	0.01
8	6	0.5	Social	48	1137	0.74934	0.126561	-1	0.01
8	6	0.5	Social	49	1020	0.947059	0.113529	-1	0.01
8	6	0.5	Social	50	1036	0.937259	0.110135	-1	0.01
8	6	0.5	Social	51	969	0.810114	0.115789	-1	0.01
8	6	0.5	Social	52	852	0.971831	0.100822	-1	0.01
8	6	0.5	Social	53	1056	0.883523	0.116098	-1	0.01
8	6	0.5	Social	54	1124	0.890569	0.117705	-1	0.01
8	6	0.5	Social	55	1244	0.889068	0.124759	-1	0.01
8	6	0.5	Social	56	1143	0.961505	0.11986	40	0.01
8	6	0.5	Social	57	1221	0.654382	0.130876	-1	0.01
8	6	0.5	Social	58	1094	0.967093	0.114442	-1	0.01
8	6	0.5	Social	59	1235	0.926316	0.127206	-1	0.01
8	6	0.5	Social	60	1116	0.787634	0.122043	-1	0.01
8	6	0.5	Social	61	1043	0.924257	0.117354	-1	0.01
8	6	0.5	Social	62	1067	0.752577	0.119213	-1	0.01
8	6	0.5	Social	63	1244	0.927653	0.125241	-1	0.01
8	6	0.5	Social	64	1219	0.944217	0.121329	-1	0.01
8	6	0.5	Social	65	1086	0.925414	0.11989	-1	0.01
8	6	0.5	Social	66	828	0.967391	0.0967391	-1	0.01
8	6	0.5	Social	67	1159	0.86799	0.120535	-1	0.01
8	6	0.5	Social	68	1196	0.909699	0.124916	32	0.01
8	6	0.5	Social	69	879	0.98521	0.0998862	1	0.01
8	6	0.5	Social	70	1120	0.86875	0.122768	-1	0.01
8	6	0.5	Social	71	1396	0.960602	0.13116	-1	0.01
8	6	0.5	Social	72	1207	0.930406	0.124109	-1	0.01
8	6	0.5	Social	73	1292	0.836687	0.130418	-1	0.01
8	6	0.5	Social	74	1103	0.828649	0.121215	-1	0.01
8	6	0.5	Social	75	1329	0.882619	0.132731	-1	0.01
8	6	0.5	Social	76	1127	0.879326	0.112422	6	0.01
8	6	0.5	Social	77	1063	0.850423	0.115992	6	0.01
8	6	0.5	Social	78	1067	0.827554	0.120337	-1	0.01
8	6	0.5	Social	79	1248	0.896635	0.119952	11	0.01
8	6	0.5	Social	80	1079	0.937905	0.11937	-1	0.01
8	6	0.5	Social	81	931	0.831364	0.105156	-1	0.01
8	6	0.5	Social	82	1202	0.953411	0.121797	-1	0.01
8	6	0.5	Social	83	1119	0.844504	0.123146	-1	0.01
8	6	0.5	Social	84	1306	0.833078	0.133844	-1	0.01
8	6	0.5	Social	85	1095	0.805479	0.11653	-1	0.01
8	6	0.5	Social	86	796	0.951005	0.0951005	-1	0.01
8	6	0.5	Social	87	1069	0.956034	0.112161	3	0.01
8	6	0.5	Social	88	823	0.953827	0.0953827	-1	0.01
8	6	0.5	Social	89	1424	0.869382	0.132584	-1	0.01
8	6	0.5	Social	90	1044	0.978927	0.114272	-1	0.01
8	6	0.5	Social	91	1194	0.936348	0.122446	-1	0.01
8	6	0.5	Social	92	838	0.951074	0.102983	-1	0.01
8	6	0.5	Social	93	836	0.978469	0.0978469	-1	0.01
8	6	0.5	Social	94	1146	0.902269	0.120855	-1	0.01
8	6	0.5	Social	95	996	0.924699	0.107932	-1	0.01
8	6	0.5	Social	96	1243	0.923572	0.126066	-1	0.01
8	6	0.5	Social	97	1341	0.929903	0.133632	-1	0.01
8	6	0.5	Social	98	1051	0.939106	0.11608	-1	0.01
8	6	0.5	Social	99	1198	0.904007	0.125125	21	0.01
9	6	0.5	Social	0	1229	0.95118	0.117006	8	0.01
9	6	0.5	Social	1	977	0.981576	0.0981576	-1	0.01
9	6	0.5	Social	2	1340	0.743284	0.127761	-1	0.01
9	6	0.5	Social	3	1138	0.94464	0.113357	-1	0.01
9	6	0.5	Social	4	1129	0.941541	0.111869	19	0.01
9	6	0.5	Social	5	1088	0.851103	0.115074	-1	0.01
9	6	0.5	Social	6	1086	0.985267	0.10663	30	0.01
9	6	0.5	Social	7	914	0.935449	0.0935449	-1	0.01
9	6	0.5	Social	8	1139	0.825285	0.112906	-1	0.01
9	6	0.5	Social	9	1063	0.934149	0.106021	-1	0.01
9	6	0.5	Social	10	1100	0.910909	0.113	-1	0.01
9	6	0.5	Social	11	1366	0.661054	0.133309	-1	0.01
9	6	0.5	Social	12	1205	0.990041	0.117012	16	0.01
9	6	0.5	Social	13	934	0.979657	0.0979657	-1	0.01
9	6	0.5	Social	14	952	0.953782	0.0953782	12	0.01
9	6	0.5	Social	15	937	0.946638	0.0956243	-1	0.01
9	6	0.5	Social	16	980	0.971429	0.0987755	-1	0.01
9	6	0.5	Social	17	1173	0.916454	0.112958	-1	0.01
9	6	0.5	Social	18	1191	0.850546	0.117548	-1	0.01
9	6	0.5	Social	19	1187	0.899747	0.111963	-1	0.01
9	6	0.5	Social	20	1028	0.958171	0.100097	-1	0.01
9	6	0.5	Social	21	930	0.990323	0.0990323	-1	0.01
9	6	0.5	Social	22	938	0.938166	0.0938166	-1	0.01
9	6	0.5	Social	23	904	0.952434	0.0952434	-1	0.01
9	6	0.5	Social	24	926	0.954644	0.0954644	-1	0.01
9	6	0.5	Social	25	988	0.893725	0.103846	5	0.01
9	6	0.5	Social	26	971	0.967044	0.100824	-1	0.01
9	6	0.5	Social	27	1170	0.921368	0.111538	-1	0.01
9	6	0.5	Social	28	973	0.959918	0.104419	-1	0.01
9	6	0.5	Social	29	974	0.954825	0.0954825	1	0.01
9	6	0.5	Social	30	965	0.976166	0.0976166	-1	0.01
9	6	0.5	Social	31	1316	0.808511	0.123024	-1	0.01
9	6	0.5	Social	32	924	0.963203	0.0963203	-1	0.01
9	6	0.5	Social	33	1157	0.600691	0.12083	-1	0.01
9	6	0.5	Social	34	919	0.978237	0.0978237	-1	0.01
9	6	0.5	Social	35	1014	0.945759	0.101677	-1	0.01
9	6	0.5	Social	36	1036	0.969112	0.104537	-1	0.01
9	6	0.5	Social	37	1153	0.931483	0.117346	9	0.01
9	6	0.5	Social	38	930	0.98172	0.098172	-1	0.01
9	6	0.5	Social	39	1044	0.8659	0.106322	-1	0.01
9	6	0.5	Social	40	1083	0.98338	0.103878	-1	0.01
9	6	0.5	Social	41	1157	0.929991	0.113656	-1	0.01
9	6	0.5	Social	42	1092	0.966117	0.106868	-1	0.01
9	6	0.5	Social	43	1202	0.946755	0.115807	-1	0.01
9	6	0.5	Social	44	955	0.967539	0.0967539	-1	0.01
9	6	0.5	Social	45	936	0.951923	0.0951923	-1	0.01
9	6	0.5	Social	46	944	0.972458	0.0972458	-1	0.01
9	6	0.5	Social	47	1257	0.94829	0.118298	-1	0.01
9	6	0.5	Social	48	926	0.960043	0.0960043	54	0.01
9	6	0.5	Social	49	1083	0.8735	0.113389	-1	0.01
9	6	0.5	Social	50	1041	0.941402	0.105379	-1	0.01
9	6	0.5	Social	51	963	0.946002	0.0981308	-1	0.01
9	6	0.5	Social	52	925	0.941622	0.0982703	-1	0.01
9	6	0.5	Social	53	996	0.870482	0.0971888	-1	0.01
9	6	0.5	Social	54	947	0.971489	0.0971489	-1	0.01
9	6	0.5	Social	55	1178	0.951613	0.114007	-1	0.01
9	6	0.5	Social	56	1122	0.938503	0.108734	-1	0.01
9	6	0.5	Social	57	1110	0.932432	0.111441	-1	0.01
9	6	0.5	Social	58	1194	0.978224	0.113735	-1	0.01
9	6	0.5	Social	59	1175	0.566809	0.114979	-1	0.01
9	6	0.5	Social	60	979	0.989785	0.0989785	-1	0.01
9	6	0.5	Social	61	1228	0.880293	0.117427	-1	0.01
9	6	0.5	Social	62	898	0.926503	0.0926503	-1	0.01
9	6	0.5	Social	63	1202	0.878536	0.112978	-1	0.01
9	6	0.5	Social	64	1298	0.915254	0.119106	-1	0.01
9	6	0.5	Social	65	1258	0.899841	0.119793	-1	0.01
9	6	0.5	Social	66	1005	0.973134	0.0999005	-1	0.01
9	6	0.5	Social	67	940	0.971277	0.0971277	-1	0.01
9	6	0.5	Social	68	1066	0.824578	0.108068	-1	0.01
9	6	0.5	Social	69	1047	0.943649	0.106686	-1	0.01
9	6	0.5	Social	70	911	0.94292	0.094292	-1	0.01
9	6	0.5	Social	71	1072	0.886194	0.104851	-1	0.01
9	6	0.5	Social	72	1254	0.980064	0.115949	-1	0.01
9	6	0.5	Social	73	970	0.758763	0.10866	-1	0.01
9	6	0.5	Social	74	1074	0.891993	0.104842	9	0.01
9	6	0.5	Social	75	1220	0.958197	0.119836	-1	0.01
9	6	0.5	Social	76	868	0.956221	0.0956221	-1	0.01
9	6	0.5	Social	77	1148	0.945122	0.109408	-1	0.01
9	6	0.5	Social	78	920	0.916304	0.0916304	-1	0.01
9	6	0.5	Social	79	917	0.959651	0.0959651	-1	0.01
9	6	0.5	Social	80	889	0.920135	0.0920135	-1	0.01
9	6	0.5	Social	81	923	0.959913	0.0959913	11	0.01
9	6	0.5	Social	82	1287	0.916084	0.120202	-1	0.01
9	6	0.5	Social	83	968	0.975207	0.0975207	-1	0.01
9	6	0.5	Social	84	882	0.942177	0.0942177	-1	0.01
9	6	0.5	Social	85	1161	0.572782	0.114729	-1	0.01
9	6	0.5	Social	86	910	0.924176	0.0924176	-1	0.01
9	6	0.5	Social	87	1016	0.906496	0.106693	-1	0.01
9	6	0.5	Social	88	896	0.929688	0.0929687	-1	0.01
9	6	0.5	Social	89	924	0.961039	0.0961039	-1	0.01
9	6	0.5	Social	90	1098	0.844262	0.116393	-1	0.01
9	6	0.5	Social	91	953	0.988458	0.0988458	41	0.01
9	6	0.5	Social	92	881	0.958002	0.0958002	11	0.01
9	6	0.5	Social	93	1174	0.960818	0.112436	53	0.01
9	6	0.5	Social	94	1086	0.933702	0.106814	-1	0.01
9	6	0.5	Social	95	935	0.958289	0.0958289	-1	0.01
9	6	0.5	Social	96	1093	0.891125	0.11043	-1	0.01
9	6	0.5	Social	97	962	0.972973	0.0972973	-1	0.01
9	6	0.5	Social	98	920	0.927174	0.0934783	-1	0.01
9	6	0.5	Social	99	992	0.96371	0.10252	-1	0.01
10	6	0.5	Social	0	1088	0.979779	0.0979779	-1	0.01
10	6	0.5	Social	1	1068	0.944757	0.0991573	-1	0.01
10	6	0.5	Social	2	1059	0.968839	0.0968839	8	0.01
10	6	0.5	Social	3	1034	0.953578	0.0962282	-1	0.01
10	6	0.5	Social	4	1073	0.975769	0.0977633	-1	0.01
10	6	0.5	Social	5	1252	0.898562	0.108706	10	0.01
10	6	0.5	Social	6	1007	0.929494	0.0935452	-1	0.01
10	6	0.5	Social	7	1085	0.979724	0.0979724	-1	0.01
10	6	0.5	Social	8	971	0.929969	0.0929969	-1	0.01
10	6	0.5	Social	9	1347	0.746102	0.119154	-1	0.01
10	6	0.5	Social	10	982	0.886965	0.0886965	-1	0.01
10	6	0.5	Social	11	1001	0.944056	0.0944056	-1	0.01
10	6	0.5	Social	12	984	0.956301	0.0956301	16	0.01
10	6	0.5	Social	13	1007	0.892751	0.0893744	-1	0.01
10	6	0.5	Social	14	1054	0.92315	0.094592	13	0.01
10	6	0.5	Social	15	1053	0.959164	0.0959164	30	0.01
10	6	0.5	Social	16	1038	0.955684	0.0955684	-1	0.01
10	6	0.5	Social	17	1025	0.955122	0.0955122	-1	0.01
10	6	0.5	Social	18	1070	0.979439	0.0979439	-1	0.01
10	6	0.5	Social	19	1083	0.966759	0.0966759	-1	0.01
10	6	0.5	Social	20	1037	0.933462	0.0933462	-1	0.01
10	6	0.5	Social	21	1005	0.934328	0.0934328	-1	0.01
10	6	0.5	Social	22	1044	0.969349	0.0969349	-1	0.01
10	6	0.5	Social	23	986	0.91785	0.091785	-1	0.01
10	6	0.5	Social	24	1002	0.969062	0.098503	-1	0.01
10	6	0.5	Social	25	1054	0.95351	0.095351	-1	0.01
10	6	0.5	Social	26	1163	0.61221	0.107309	-1	0.01
10	6	0.5	Social	27	1022	0.951076	0.0952055	37	0.01
10	6	0.5	Social	28	1042	0.947217	0.0950096	-1	0.01
10	6	0.5	Social	29	992	0.928427	0.0940524	-1	0.01
10	6	0.5	Social	30	1067	0.947516	0.0988754	-1	0.01
10	6	0.5	Social	31	1078	0.972171	0.0972171	-1	0.01
10	6	0.5	Social	32	1031	0.962173	0.0962173	-1	0.01
10	6	0.5	Social	33	1061	0.982092	0.0982092	-1	0.01
10	6	0.5	Social	34	1209	0.923904	0.105542	-1	0.01
10	6	0.5	Social	35	1030	0.946602	0.0946602	-1	0.01
10	6	0.5	Social	36	1031	0.964113	0.0964113	-1	0.01
10	6	0.5	Social	37	1029	0.963071	0.097862	-1	0.01
10	6	0.5	Social	38	1119	0.917784	0.106434	-1	0.01
10	6	0.5	Social	39	1066	0.978424	0.0978424	-1	0.01
10	6	0.5	Social	40	1020	0.915686	0.0915686	22	0.01
10	6	0.5	Social	41	1001	0.923077	0.0923077	-1	0.01
10	6	0.5	Social	42	1004	0.917331	0.0917331	-1	0.01
10	6	0.5	Social	43	1023	0.958944	0.0962854	-1	0.01
10	6	0.5	Social	44	1071	0.867414	0.10112	-1	0.01
10	6	0.5	Social	45	1299	0.882217	0.112625	-1	0.01
10	6	0.5	Social	46	1026	0.949318	0.0949318	-1	0.01
10	6	0.5	Social	47	992	0.896169	0.090625	-1	0.01
10	6	0.5	Social	48	1111	0.980198	0.10486	-1	0.01
10	6	0.5	Social	49	968	0.920455	0.0920455	-1	0.01
10	6	0.5	Social	50	926	0.885529	0.0885529	-1	0.01
10	6	0.5	Social	51	1065	0.971831	0.0971831	-1	0.01
10	6	0.5	Social	52	1040	0.930769	0.0930769	-1	0.01
10	6	0.5	Social	53	1081	0.964847	0.0964847	-1	0.01
10	6	0.5	Social	54	1041	0.957733	0.0965418	-1	0.01
10	6	0.5	Social	55	979	0.920327	0.0920327	-1	0.01
10	6	0.5	Social	56	1043	0.976031	0.0976031	5	0.01
10	6	0.5	Social	57	1100	0.963636	0.0996364	-1	0.01
10	6	0.5	Social	58	1101	0.950954	0.0967302	-1	0.01
10	6	0.5	Social	59	1035	0.95942	0.0971981	-1	0.01
10	6	0.5	Social	60	1186	0.930017	0.105987	-1	0.01
10	6	0.5	Social	61	1042	0.980806	0.0980806	-1	0.01
10	6	0.5	Social	62	1045	0.955024	0.0955024	-1	0.01
10	6	0.5	Social	63	1106	0.981917	0.0981917	-1	0.01
10	6	0.5	Social	64	1052	0.98289	0.0988593	-1	0.01
10	6	0.5	Social	65	1069	0.961646	0.0961646	-1	0.01
10	6	0.5	Social	66	935	0.908021	0.0908021	-1	0.01
10	6	0.5	Social	67	1049	0.953289	0.0953289	-1	0.01
10	6	0.5	Social	68	1071	0.959851	0.0959851	-1	0.01
10	6	0.5	Social	69	1029	0.918367	0.0945578	-1	0.01
10	6	0.5	Social	70	982	0.964358	0.0964358	-1	0.01
10	6	0.5	Social	71	966	0.925466	0.0925466	-1	0.01
10	6	0.5	Social	72	1035	0.928502	0.0928502	-1	0.01
10	6	0.5	Social	73	992	0.887097	0.0887097	-1	0.01
10	6	0.5	Social	74	1097	0.955333	0.0955333	-1	0.01
10	6	0.5	Social	75	965	0.950259	0.0950259	-1	0.01
10	6	0.5	Social	76	1044	0.963602	0.0963602	-1	0.01
10	6	0.5	Social	77	965	0.830052	0.091399	-1	0.01
10	6	0.5	Social	78	948	0.939873	0.0939873	-1	0.01
10	6	0.5	Social	79	1049	0.974261	0.0974261	21	0.01
10	6	0.5	Social	80	1110	0.92973	0.0985586	-1	0.01
10	6	0.5	Social	81	1266	0.879147	0.110506	-1	0.01
10	6	0.5	Social	82	994	0.932596	0.094165	-1	0.01
10	6	0.5	Social	83	1134	0.955908	0.101587	-1	0.01
10	6	0.5	Social	84	1029	0.944606	0.0944606	-1	0.01
10	6	0.5	Social	85	1006	0.904573	0.0908549	-1	0.01
10	6	0.5	Social	86	1043	0.971237	0.0971237	6	0.01
10	6	0.5	Social	87	1035	0.913043	0.0933333	-1	0.01
10	6	0.5	Social	88	1076	0.972119	0.0972119	-1	0.01
10	6	0.5	Social	89	952	0.917017	0.0917017	12	0.01
10	6	0.5	Social	90	1047	0.968481	0.0968481	-1	0.01
10	6	0.5	Social	91	1055	0.9109	0.0975355	-1	0.01
10	6	0.5	Social	92	1025	0.960976	0.0960976	-1	0.01
10	6	0.5	Social	93	1065	0.968075	0.0968075	-1	0.01
10	6	0.5	Social	94	983	0.894201	0.0894201	-1	0.01
10	6	0.5	Social	95	1099	0.969063	0.1	-1	0.01
10	6	0.5	Social	96	1040	0.953846	0.0953846	-1	0.01
10	6	0.5	Social	97	1027	0.850049	0.093963	-1	0.01
10	6	0.5	Social	98	1128	0.991135	0.0991135	-1	0.01
10	6	0.5	Social	99	1128	0.881206	0.10133	-1	0.01
11	6	0.5	Social	0	1111	0.908191	0.0941494	-1	0.01
11	6	0.5	Social	1	1134	0.909171	0.0909171	-1	0.01
11	6	0.5	Social	2	1180	0.966102	0.0966102	-1	0.01
11	6	0.5	Social	3	1035	0.901449	0.0901449	-1	0.01
11	6	0.5	Social	4	1431	0.972048	0.116771	7	0.01
11	6	0.5	Social	5	1095	0.936073	0.0936073	-1	0.01
11	6	0.5	Social	6	1096	0.833942	0.0980839	-1	0.01
11	6	0.5	Social	7	1000	0.904	0.0904	-1	0.01
11	6	0.5	Social	8	1173	0.852515	0.098636	-1	0.01
11	6	0.5	Social	9	1152	0.974826	0.0985243	-1	0.01
11	6	0.5	Social	10	1132	0.90636	0.0964664	-1	0.01
11	6	0.5	Social	11	1150	0.966957	0.0966957	-1	0.01
11	6	0.5	Social	12	1041	0.866475	0.0866475	-1	0.01
11	6	0.5	Social	13	1161	0.937123	0.0949182	-1	0.01
11	6	0.5	Social	14	1026	0.916179	0.0927875	-1	0.01
11	6	0.5	Social	15	1084	0.892989	0.0898524	-1	0.01
11	6	0.5	Social	16	1142	0.960595	0.0965849	-1	0.01
11	6	0.5	Social	17	1130	0.914159	0.0963717	-1	0.01
11	6	0.5	Social	18	1111	0.894689	0.0957696	-1	0.01
11	6	0.5	Social	19	1035	0.914976	0.0914976	31	0.01
11	6	0.5	Social	20	1066	0.89212	0.091182	-1	0.01
11	6	0.5	Social	21	1137	0.954266	0.0954266	-1	0.01
11	6	0.5	Social	22	1074	0.836127	0.0897579	13	0.01
11	6	0.5	Social	23	1224	0.89134	0.10384	-1	0.01
11	6	0.5	Social	24	1082	0.88817	0.0890943	-1	0.01
11	6	0.5	Social	25	1147	0.952049	0.0952049	19	0.01
11	6	0.5	Social	26	1115	0.964126	0.0964126	-1	0.01
11	6	0.5	Social	27	1079	0.883225	0.0883225	-1	0.01
11	6	0.5	Social	28	1173	0.956522	0.0956522	-1	0.01
11	6	0.5	Social	29	1101	0.947321	0.0947321	4	0.01
11	6	0.5	Social	30	1216	0.986842	0.0986842	-1	0.01
11	6	0.5	Social	31	1165	0.974249	0.0981116	-1	0.01
11	6	0.5	Social	32	1061	0.892554	0.0896324	-1	0.01
11	6	0.5	Social	33	1086	0.867403	0.0965009	-1	0.01
11	6	0.5	Social	34	1135	0.957709	0.0957709	-1	0.01
11	6	0.5	Social	35	1025	0.886829	0.0886829	-1	0.01
11	6	0.5	Social	36	1158	0.952504	0.0952504	-1	0.01
11	6	0.5	Social	37	1131	0.95756	0.095756	-1	0.01
11	6	0.5	Social	38	1183	0.963652	0.0963652	-1	0.01
11	6	0.5	Social	39	1130	0.966372	0.0969027	-1	0.01
11	6	0.5	Social	40	1087	0.905244	0.0905244	-1	0.01
11	6	0.5	Social	41	1076	0.930297	0.0930297	-1	0.01
11	6	0.5	Social	42	1085	0.928111	0.0933641	-1	0.01
11	6	0.5	Social	43	1095	0.961644	0.0961644	2	0.01
11	6	0.5	Social	44	1104	0.951993	0.0951993	-1	0.01
11	6	0.5	Social	45	1195	0.98159	0.098159	-1	0.01
11	6	0.5	Social	46	1044	0.863027	0.0863027	-1	0.01
11	6	0.5	Social	47	1162	0.967298	0.0967298	21	0.01
11	6	0.5	Social	48	1133	0.962048	0.0962048	-1	0.01
11	6	0.5	Social	49	1129	0.961027	0.0961027	-1	0.01
11	6	0.5	Social	50	1160	0.940517	0.0940517	-1	0.01
11	6	0.5	Social	51	1015	0.828571	0.0838424	-1	0.01
11	6	0.5	Social	52	1080	0.949074	0.0949074	10	0.01
11	6	0.5	Social	53	1226	0.965742	0.0965742	-1	0.01
11	6	0.5	Social	54	1136	0.955986	0.0958627	-1	0.01
11	6	0.5	Social	55	1110	0.927027	0.0927027	-1	0.01
11	6	0.5	Social	56	1099	0.913558	0.0973612	-1	0.01
11	6	0.5	Social	57	1201	0.981682	0.0981682	-1	0.01
11	6	0.5	Social	58	1090	0.944037	0.0944037	-1	0.01
11	6	0.5	Social	59	1197	0.967419	0.0985798	-1	0.01
11	6	0.5	Social	60	1142	0.955342	0.0987741	15	0.01
11	6	0.5	Social	61	1133	0.934687	0.0934687	-1	0.01
11	6	0.5	Social	62	1056	0.892045	0.0892045	-1	0.01
11	6	0.5	Social	63	1081	0.867715	0.0891767	-1	0.01
11	6	0.5	Social	64	1054	0.901328	0.0901328	-1	0.01
11	6	0.5	Social	65	1116	0.91129	0.091129	-1	0.01
11	6	0.5	Social	66	1114	0.917415	0.0917415	-1	0.01
11	6	0.5	Social	67	1084	0.932657	0.0932657	-1	0.01
11	6	0.5	Social	68	1135	0.928634	0.0928634	-1	0.01
11	6	0.5	Social	69	1116	0.914875	0.0914875	7	0.01
11	6	0.5	Social	70	1153	0.944493	0.0944493	38	0.01
11	6	0.5	Social	71	1045	0.875598	0.0876555	-1	0.01
11	6	0.5	Social	72	1022	0.84638	0.08591	-1	0.01
11	6	0.5	Social	73	1078	0.872913	0.0919295	-1	0.01
11	6	0.5	Social	74	1005	0.895522	0.0895522	-1	0.01
11	6	0.5	Social	75	1094	0.92596	0.0939671	-1	0.01
11	6	0.5	Social	76	1136	0.948944	0.0948944	-1	0.01
11	6	0.5	Social	77	1060	0.901887	0.0913208	-1	0.01
11	6	0.5	Social	78	1166	0.864494	0.0981132	-1	0.01
11	6	0.5	Social	79	1136	0.949824	0.0949824	-1	0.01
11	6	0.5	Social	80	1229	0.978845	0.0978845	4	0.01
11	6	0.5	Social	81	1124	0.906584	0.0910142	-1	0.01
11	6	0.5	Social	82	1110	0.942342	0.0942342	-1	0.01
11	6	0.5	Social	83	1139	0.957858	0.0964881	14	0.01
11	6	0.5	Social	84	1119	0.935657	0.0951743	14	0.01
11	6	0.5	Social	85	1169	0.963216	0.0984602	-1	0.01
11	6	0.5	Social	86	1127	0.952085	0.0952085	-1	0.01
11	6	0.5	Social	87	1090	0.921101	0.0957798	-1	0.01
11	6	0.5	Social	88	1101	0.95822	0.0969119	-1	0.01
11	6	0.5	Social	89	1110	0.964865	0.0964865	-1	0.01
11	6	0.5	Social	90	1099	0.933576	0.0933576	-1	0.01
11	6	0.5	Social	91	1085	0.903226	0.0903226	-1	0.01
11	6	0.5	Social	92	1093	0.950595	0.0950595	-1	0.01
11	6	0.5	Social	93	1082	0.898336	0.0931608	-1	0.01
11	6	0.5	Social	94	1118	0.948122	0.0948122	-1	0.01
11	6	0.5	Social	95	1143	0.956255	0.0956255	-1	0.01
11	6	0.5	Social	96	1090	0.914679	0.0914679	-1	0.01
11	6	0.5	Social	97	1157	0.944685	0.0950735	-1	0.01
11	6	0.5	Social	98	1067	0.87254	0.087254	-1	0.01
11	6	0.5	Social	99	1044	0.886973	0.0895594	-1	0.01
12	6	0.5	Social	0	1216	0.911184	0.0929276	-1	0.01
12	6	0.5	Social	1	1232	0.949675	0.0951299	-1	0.01
12	6	0.5	Social	2	1129	0.900797	0.0900797	-1	0.01
12	6	0.5	Social	3	1220	0.904098	0.0904098	-1	0.01
12	6	0.5	Social	4	1048	0.854008	0.0854008	-1	0.01
12	6	0.5	Social	5	1220	0.92541	0.092541	0	0.01
12	6	0.5	Social	6	1155	0.900433	0.0924675	28	0.01
12	6	0.5	Social	7	1157	0.905791	0.0905791	-1	0.01
12	6	0.5	Social	8	1081	0.846438	0.0855689	-1	0.01
12	6	0.5	Social	9	1163	0.941531	0.0941531	-1	0.01
12	6	0.5	Social	10	1141	0.87993	0.0886941	-1	0.01
12	6	0.5	Social	11	1234	0.942464	0.0942464	13	0.01
12	6	0.5	Social	12	1074	0.863128	0.0887337	-1	0.01
12	6	0.5	Social	13	1218	0.957307	0.0963054	32	0.01
12	6	0.5	Social	14	1173	0.885763	0.0887468	-1	0.01
12	6	0.5	Social	15	1267	0.970008	0.0985793	-1	0.01
12	6	0.5	Social	16	1231	0.923639	0.0923639	-1	0.01
12	6	0.5	Social	17	1136	0.884683	0.0884683	-1	0.01
12	6	0.5	Social	18	1194	0.889447	0.0912898	-1	0.01
12	6	0.5	Social	19	1260	0.961111	0.0961111	-1	0.01
12	6	0.5	Social	20	1248	0.943109	0.0943109	-1	0.01
12	6	0.5	Social	21	1153	0.851691	0.0905464	-1	0.01
12	6	0.5	Social	22	1343	0.946389	0.0968727	-1	0.01
12	6	0.5	Social	23	1144	0.906469	0.0906469	-1	0.01
12	6	0.5	Social	24	1203	0.922693	0.0922693	-1	0.01
12	6	0.5	Social	25	1067	0.865979	0.0878163	-1	0.01
12	6	0.5	Social	26	1295	0.899614	0.096834	-1	0.01
12	6	0.5	Social	27	1042	0.8119	0.0821497	-1	0.01
12	6	0.5	Social	28	1257	0.953858	0.0961018	-1	0.01
12	6	0.5	Social	29	1282	0.960998	0.0960998	17	0.01
12	6	0.5	Social	30	1222	0.946809	0.0946809	-1	0.01
12	6	0.5	Social	31	1209	0.947064	0.0947064	14	0.01
12	6	0.5	Social	32	1254	0.929825	0.0929825	-1	0.01
12	6	0.5	Social	33	1187	0.874473	0.0889638	-1	0.01
12	6	0.5	Social	34	1087	0.860166	0.0860166	-1	0.01
12	6	0.5	Social	35	1204	0.957641	0.0957641	-1	0.01
12	6	0.5	Social	36	1223	0.913328	0.0913328	-1	0.01
12	6	0.5	Social	37	1268	0.934543	0.0934543	-1	0.01
12	6	0.5	Social	38	1230	0.915447	0.0915447	-1	0.01
12	6	0.5	Social	39	1217	0.959737	0.0959737	-1	0.01
12	6	0.5	Social	40	1202	0.87604	0.0886023	-1	0.01
12	6	0.5	Social	41	1201	0.940883	0.0940883	-1	0.01
12	6	0.5	Social	42	1125	0.896889	0.0947556	-1	0.01
12	6	0.5	Social	43	1173	0.890878	0.0890878	-1	0.01
12	6	0.5	Social	44	1154	0.884749	0.0919411	95	0.01
12	6	0.5	Social	45	1268	0.948738	0.0961356	-1	0.01
12	6	0.5	Social	46	1244	0.91881	0.0952572	-1	0.01
12	6	0.5	Social	47	1190	0.909244	0.0909244	-1	0.01
12	6	0.5	Social	48	1212	0.935644	0.0935644	-1	0.01
12	6	0.5	Social	49	1291	0.958947	0.0964369	-1	0.01
12	6	0.5	Social	50	1085	0.815668	0.0851613	17	0.01
12	6	0.5	Social	51	1032	0.834302	0.083624	-1	0.01
12	6	0.5	Social	52	1096	0.851277	0.0855839	13	0.01
12	6	0.5	Social	53	1034	0.814313	0.0820116	-1	0.01
12	6	0.5	Social	54	1156	0.895329	0.0898789	-1	0.01
12	6	0.5	Social	55	1131	0.892131	0.0892131	-1	0.01
12	6	0.5	Social	56	1097	0.880583	0.0909754	-1	0.01
12	6	0.5	Social	57	1051	0.849667	0.0849667	-1	0.01
12	6	0.5	Social	58	1178	0.882003	0.0882003	-1	0.01
12	6	0.5	Social	59	1200	0.9425	0.0948333	-1	0.01
12	6	0.5	Social	60	1154	0.845754	0.0880416	-1	0.01
12	6	0.5	Social	61	1124	0.824733	0.0824733	-1	0.01
12	6	0.5	Social	62	1271	0.964595	0.0964595	-1	0.01
12	6	0.5	Social	63	1173	0.908781	0.0908781	-1	0.01
12	6	0.5	Social	64	1158	0.895509	0.0895509	17	0.01
12	6	0.5	Social	65	1195	0.953138	0.0953138	-1	0.01
12	6	0.5	Social	66	1161	0.89578	0.0946598	-1	0.01
12	6	0.5	Social	67	1183	0.911243	0.0911243	-1	0.01
12	6	0.5	Social	68	1169	0.917879	0.0917879	-1	0.01
12	6	0.5	Social	69	1212	0.934818	0.0934818	-1	0.01
12	6	0.5	Social	70	1212	0.937294	0.0937294	-1	0.01
12	6	0.5	Social	71	1303	0.940906	0.0950115	-1	0.01
12	6	0.5	Social	72	1170	0.919658	0.0923932	-1	0.01
12	6	0.5	Social	73	1209	0.931348	0.0931348	-1	0.01
12	6	0.5	Social	74	1113	0.84097	0.084097	-1	0.01
12	6	0.5	Social	75	1187	0.905644	0.0905644	-1	0.01
12	6	0.5	Social	76	1243	0.924377	0.0953339	-1	0.01
12	6	0.5	Social	77	1182	0.478849	0.0976311	-1	0.01
12	6	0.5	Social	78	1201	0.945878	0.0945878	-1	0.01
12	6	0.5	Social	79	1258	0.941971	0.0941971	-1	0.01
12	6	0.5	Social	80	1426	0.91094	0.103366	-1	0.01
12	6	0.5	Social	81	1227	0.890791	0.092013	27	0.01
12	6	0.5	Social	82	1214	0.902801	0.0945634	-1	0.01
12	6	0.5	Social	83	1190	0.936975	0.0936975	23	0.01
12	6	0.5	Social	84	1281	0.937549	0.0937549	-1	0.01
12	6	0.5	Social	85	1133	0.879082	0.0893204	-1	0.01
12	6	0.5	Social	86	1337	0.899028	0.0997756	-1	0.01
12	6	0.5	Social	87	1286	0.936236	0.0942457	-1	0.01
12	6	0.5	Social	88	1233	0.909976	0.0916464	-1	0.01
12	6	0.5	Social	89	1141	0.890447	0.0890447	-1	0.01
12	6	0.5	Social	90	1302	0.956989	0.0957757	-1	0.01
12	6	0.5	Social	91	1164	0.890893	0.0890893	18	0.01
12	6	0.5	Social	92	1258	0.847377	0.0946741	-1	0.01
12	6	0.5	Social	93	1250	0.9536	0.09536	-1	0.01
12	6	0.5	Social	94	1262	0.977021	0.0986529	-1	0.01
12	6	0.5	Social	95	1292	0.989164	0.0989164	-1	0.01
12	6	0.5	Social	96	1170	0.783761	0.0908547	49	0.01
12	6	0.5	Social	97	1219	0.942576	0.0942576	-1	0.01
12	6	0.5	Social	98	1279	0.940579	0.0940579	-1	0.01
12	6	0.5	Social	99	1193	0.944677	0.0944677	23	0.01
13	6	0.5	Social	0	1318	0.913505	0.0920334	-1	0.01
13	6	0.5	Social	1	1202	0.856905	0.090183	61	0.01
13	6	0.5	Social	2	1398	0.966381	0.0966381	5	0.01
13	6	0.5	Social	3	1302	0.899386	0.0900922	-1	0.01
13	6	0.5	Social	4	1122	0.843137	0.0843137	-1	0.01
13	6	0.5	Social	5	1298	0.894453	0.0898305	-1	0.01
13	6	0.5	Social	6	1297	0.919044	0.0937548	-1	0.01
13	6	0.5	Social	7	1352	0.943047	0.0969675	-1	0.01
13	6	0.5	Social	8	1206	0.853234	0.0860697	-1	0.01
13	6	0.5	Social	9	1291	0.929512	0.093416	-1	0.01
13	6	0.5	Social	10	1116	0.764337	0.0782258	-1	0.01
13	6	0.5	Social	11	1275	0.917647	0.0919216	-1	0.01
13	6	0.5	Social	12	1185	0.865823	0.0865823	-1	0.01
13	6	0.5	Social	13	1237	0.882781	0.088844	-1	0.01
13	6	0.5	Social	14	1233	0.875101	0.0879157	-1	0.01
13	6	0.5	Social	15	1379	0.481508	0.0970993	-1	0.01
13	6	0.5	Social	16	1279	0.857701	0.0917905	-1	0.01
13	6	0.5	Social	17	1363	0.932502	0.0932502	-1	0.01
13	6	0.5	Social	18	1280	0.91875	0.091875	-1	0.01
13	6	0.5	Social	19	1224	0.896242	0.0896242	-1	0.01
13	6	0.5	Social	20	1129	0.807795	0.0807795	-1	0.01
13	6	0.5	Social	21	1249	0.898319	0.0904724	-1	0.01
13	6	0.5	Social	22	1245	0.872289	0.0885141	-1	0.01
13	6	0.5	Social	23	1187	0.873631	0.0873631	-1	0.01
13	6	0.5	Social	24	1171	0.820666	0.0838599	-1	0.01
13	6	0.5	Social	25	1319	0.924185	0.0924185	-1	0.01
13	6	0.5	Social	26	1202	0.81198	0.0822795	-1	0.01
13	6	0.5	Social	27	1276	0.927116	0.0938871	-1	0.01
13	6	0.5	Social	28	1204	0.837209	0.0875415	-1	0.01
13	6	0.5	Social	29	1049	0.784557	0.0784557	-1	0.01
13	6	0.5	Social	30	1110	0.81982	0.081982	-1	0.01
13	6	0.5	Social	31	1309	0.944232	0.0944232	-1	0.01
13	6	0.5	Social	32	1207	0.872411	0.0872411	-1	0.01
13	6	0.5	Social	33	1326	0.946456	0.0947964	14	0.01
13	6	0.5	Social	34	1289	0.873545	0.0873545	-1	0.01
13	6	0.5	Social	35	1148	0.826655	0.0828397	-1	0.01
13	6	0.5	Social	36	1138	0.846221	0.0846221	-1	0.01
13	6	0.5	Social	37	1322	0.931165	0.0931165	23	0.01
13	6	0.5	Social	38	1218	0.836617	0.0836617	-1	0.01
13	6	0.5	Social	39	1321	0.915973	0.0915973	-1	0.01
13	6	0.5	Social	40	1267	0.919495	0.0919495	-1	0.01
13	6	0.5	Social	41	1254	0.938596	0.0938596	-1	0.01
13	6	0.5	Social	42	1209	0.898263	0.0898263	-1	0.01
13	6	0.5	Social	43	1184	0.838682	0.0838682	-1	0.01
13	6	0.5	Social	44	1287	0.87568	0.0881896	-1	0.01
13	6	0.5	Social	45	1282	0.905616	0.0905616	-1	0.01
13	6	0.5	Social	46	1298	0.896764	0.0896764	-1	0.01
13	6	0.5	Social	47	1299	0.921478	0.0921478	-1	0.01
13	6	0.5	Social	48	1196	0.854515	0.0854515	63	0.01
13	6	0.5	Social	49	1328	0.953313	0.0954066	-1	0.01
13	6	0.5	Social	50	1189	0.827586	0.0827586	-1	0.01
13	6	0.5	Social	51	1316	0.917173	0.0917173	-1	0.01
13	6	0.5	Social	52	1217	0.89811	0.089811	-1	0.01
13	6	0.5	Social	53	1122	0.795009	0.0795009	-1	0.01
13	6	0.5	Social	54	1227	0.912795	0.0912795	10	0.01
13	6	0.5	Social	55	1355	0.949077	0.0949077	-1	0.01
13	6	0.5	Social	56	1368	0.891082	0.0971491	-1	0.01
13	6	0.5	Social	57	1345	0.944238	0.0944238	-1	0.01
13	6	0.5	Social	58	1168	0.838185	0.0838185	-1	0.01
13	6	0.5	Social	59	1311	0.904653	0.0904653	-1	0.01
13	6	0.5	Social	60	1202	0.874376	0.0874376	-1	0.01
13	6	0.5	Social	61	1204	0.856312	0.0862957	-1	0.01
13	6	0.5	Social	62	1250	0.9264	0.09264	-1	0.01
13	6	0.5	Social	63	1269	0.892829	0.0911742	-1	0.01
13	6	0.5	Social	64	1318	0.917299	0.0917299	-1	0.01
13	6	0.5	Social	65	1198	0.831386	0.0834725	7	0.01
13	6	0.5	Social	66	1332	0.934685	0.0934685	-1	0.01
13	6	0.5	Social	67	1291	0.868319	0.0896204	-1	0.01
13	6	0.5	Social	68	1148	0.850174	0.0853659	-1	0.01
13	6	0.5	Social	69	1145	0.829694	0.0833188	-1	0.01
13	6	0.5	Social	70	1196	0.839465	0.0839465	-1	0.01
13	6	0.5	Social	71	1279	0.91165	0.091165	-1	0.01
13	6	0.5	Social	72	1181	0.830652	0.0845047	-1	0.01
13	6	0.5	Social	73	1306	0.951761	0.0951761	-1	0.01
13	6	0.5	Social	74	1239	0.889427	0.0889427	-1	0.01
13	6	0.5	Social	75	1213	0.83512	0.0842539	-1	0.01
13	6	0.5	Social	76	1137	0.83905	0.083905	-1	0.01
13	6	0.5	Social	77	1244	0.879421	0.0879421	-1	0.01
13	6	0.5	Social	78	1288	0.928571	0.093323	15	0.01
13	6	0.5	Social	79	1310	0.91374	0.0922901	15	0.01
13	6	0.5	Social	80	1309	0.901451	0.0901451	-1	0.01
13	6	0.5	Social	81	1163	0.849527	0.0853826	-1	0.01
13	6	0.5	Social	82	1209	0.866005	0.0885856	-1	0.01
13	6	0.5	Social	83	1384	0.96026	0.096026	10	0.01
13	6	0.5	Social	84	1275	0.89098	0.089098	-1	0.01
13	6	0.5	Social	85	1432	0.97067	0.099581	-1	0.01
13	6	0.5	Social	86	1190	0.852101	0.0860504	-1	0.01
13	6	0.5	Social	87	1278	0.889671	0.0892801	-1	0.01
13	6	0.5	Social	88	1112	0.856115	0.086241	-1	0.01
13	6	0.5	Social	89	1281	0.895394	0.0904762	9	0.01
13	6	0.5	Social	90	1253	0.90423	0.090423	2	0.01
13	6	0.5	Social	91	1143	0.84077	0.0844269	68	0.01
13	6	0.5	Social	92	1329	0.907449	0.0907449	-1	0.01
13	6	0.5	Social	93	1337	0.975318	0.0975318	-1	0.01
13	6	0.5	Social	94	1260	0.802381	0.0976984	4	0.01
13	6	0.5	Social	95	1184	0.859797	0.0867399	-1	0.01
13	6	0.5	Social	96	1229	0.855167	0.0947925	-1	0.01
13	6	0.5	Social	97	1117	0.80752	0.080752	-1	0.01
13	6	0.5	Social	98	1279	0.879593	0.0880375	17	0.01
13	6	0.5	Social	99	1345	0.939033	0.0939033	-1	0.01
14	6	0.5	Social	0	1238	0.811793	0.0811793	-1	0.01
14	6	0.5	Social	1	1412	0.882436	0.0893059	25	0.01
14	6	0.5	Social	2	1264	0.859968	0.0859968	-1	0.01
14	6	0.5	Social	3	1270	0.424409	0.083937	-1	0.01
14	6	0.5	Social	4	1306	0.859112	0.0859112	-1	0.01
14	6	0.5	Social	5	1155	0.735065	0.0745455	-1	0.01
14	6	0.5	Social	6	1401	0.877944	0.092434	-1	0.01
14	6	0.5	Social	7	1327	0.839488	0.0889224	-1	0.01
14	6	0.5	Social	8	1354	0.874446	0.088774	-1	0.01
14	6	0.5	Social	9	1341	0.865026	0.0871738	-1	0.01
14	6	0.5	Social	10	1241	0.760677	0.0805802	-1	0.01
14	6	0.5	Social	11	1300	0.863846	0.0864615	-1	0.01
14	6	0.5	Social	12	1253	0.864326	0.0864326	3	0.01
14	6	0.5	Social	13	1117	0.7735	0.07735	-1	0.01
14	6	0.5	Social	14	1387	0.906994	0.0911319	-1	0.01
14	6	0.5	Social	15	1408	0.884943	0.0884943	-1	0.01
14	6	0.5	Social	16	1240	0.795968	0.0804032	-1	0.01
14	6	0.5	Social	17	1287	0.839161	0.0853924	-1	0.01
14	6	0.5	Social	18	1246	0.772071	0.0773676	-1	0.01
14	6	0.5	Social	19	1336	0.873503	0.0873503	-1	0.01
14	6	0.5	Social	20	1333	0.887472	0.0899475	-1	0.01
14	6	0.5	Social	21	1330	0.889474	0.0897744	24	0.01
14	6	0.5	Social	22	1272	0.822327	0.0825472	27	0.01
14	6	0.5	Social	23	1380	0.905797	0.0905797	-1	0.01
14	6	0.5	Social	24	1240	0.794355	0.0794355	-1	0.01
14	6	0.5	Social	25	1415	0.931449	0.0931449	-1	0.01
14	6	0.5	Social	26	1262	0.83122	0.0832805	-1	0.01
14	6	0.5	Social	27	1288	0.840062	0.0867236	-1	0.01
14	6	0.5	Social	28	1241	0.806608	0.0806608	2	0.01
14	6	0.5	Social	29	1407	0.949538	0.097086	-1	0.01
14	6	0.5	Social	30	1385	0.866426	0.087509	-1	0.01
14	6	0.5	Social	31	1299	0.842186	0.0842186	-1	0.01
14	6	0.5	Social	32	1443	0.911296	0.0913375	-1	0.01
14	6	0.5	Social	33	1226	0.761011	0.0770799	-1	0.01
14	6	0.5	Social	34	1346	0.885587	0.0885587	-1	0.01
14	6	0.5	Social	35	1342	0.848733	0.0852459	-1	0.01
14	6	0.5	Social	36	1325	0.864906	0.0864906	6	0.01
14	6	0.5	Social	37	1271	0.833989	0.0837923	-1	0.01
14	6	0.5	Social	38	1407	0.924662	0.0927505	-1	0.01
14	6	0.5	Social	39	1332	0.861862	0.0868619	-1	0.01
14	6	0.5	Social	40	1373	0.900947	0.0900947	-1	0.01
14	6	0.5	Social	41	1221	0.776413	0.0786241	-1	0.01
14	6	0.5	Social	42	1293	0.882444	0.0882444	19	0.01
14	6	0.5	Social	43	1211	0.770438	0.077787	-1	0.01
14	6	0.5	Social	44	1308	0.866208	0.0870031	-1	0.01
14	6	0.5	Social	45	1476	0.939024	0.0939024	-1	0.01
14	6	0.5	Social	46	1278	0.856025	0.0863067	14	0.01
14	6	0.5	Social	47	1266	0.842022	0.0848341	-1	0.01
14	6	0.5	Social	48	1468	0.939373	0.0939373	-1	0.01
14	6	0.5	Social	49	1278	0.831768	0.0831768	-1	0.01
14	6	0.5	Social	50	1451	0.923501	0.0930393	-1	0.01
14	6	0.5	Social	51	1297	0.838088	0.0848882	-1	0.01
14	6	0.5	Social	52	1354	0.880355	0.0886263	-1	0.01
14	6	0.5	Social	53	1360	0.869853	0.0869853	-1	0.01
14	6	0.5	Social	54	1267	0.81689	0.081689	-1	0.01
14	6	0.5	Social	55	1220	0.771311	0.0777869	26	0.01
14	6	0.5	Social	56	1255	0.501992	0.080239	-1	0.01
14	6	0.5	Social	57	1189	0.777965	0.0777965	-1	0.01
14	6	0.5	Social	58	1229	0.786005	0.0828316	-1	0.01
14	6	0.5	Social	59	1388	0.756484	0.0899135	-1	0.01
14	6	0.5	Social	60	1355	0.911439	0.0911439	-1	0.01
14	6	0.5	Social	61	1246	0.777689	0.0780899	51	0.01
14	6	0.5	Social	62	1363	0.909024	0.0912693	-1	0.01
14	6	0.5	Social	63	1183	0.72612	0.0737954	-1	0.01
14	6	0.5	Social	64	1269	0.847124	0.0850276	-1	0.01
14	6	0.5	Social	65	1465	0.920819	0.0920819	14	0.01
14	6	0.5	Social	66	1395	0.883154	0.0883154	-1	0.01
14	6	0.5	Social	67	1234	0.820097	0.0854133	-1	0.01
14	6	0.5	Social	68	1257	0.76611	0.0805091	-1	0.01
14	6	0.5	Social	69	1313	0.875095	0.0875095	-1	0.01
14	6	0.5	Social	70	1197	0.824561	0.0827903	-1	0.01
14	6	0.5	Social	71	1308	0.888379	0.0899847	-1	0.01
14	6	0.5	Social	72	1155	0.749784	0.0786147	-1	0.01
14	6	0.5	Social	73	1476	0.952575	0.0952575	-1	0.01
14	6	0.5	Social	74	1319	0.846854	0.0846854	-1	0.01
14	6	0.5	Social	75	1367	0.883687	0.0890271	-1	0.01
14	6	0.5	Social	76	1175	0.802553	0.0810213	-1	0.01
14	6	0.5	Social	77	1361	0.908156	0.0908156	-1	0.01
14	6	0.5	Social	78	1270	0.850394	0.0858268	-1	0.01
14	6	0.5	Social	79	1352	0.835799	0.0938609	-1	0.01
14	6	0.5	Social	80	1420	0.888732	0.0888732	-1	0.01
14	6	0.5	Social	81	1367	0.893928	0.0907096	-1	0.01
14	6	0.5	Social	82	1449	0.814355	0.0922705	-1	0.01
14	6	0.5	Social	83	1368	0.918129	0.0918129	-1	0.01
14	6	0.5	Social	84	1370	0.865693	0.0889051	-1	0.01
14	6	0.5	Social	85	1294	0.858578	0.0858578	-1	0.01
14	6	0.5	Social	86	1323	0.829932	0.0829932	21	0.01
14	6	0.5	Social	87	1159	0.762726	0.078516	-1	0.01
14	6	0.5	Social	88	1219	0.814602	0.0814602	-1	0.01
14	6	0.5	Social	89	1304	0.828221	0.0834356	-1	0.01
14	6	0.5	Social	90	1233	0.76399	0.0802109	-1	0.01
14	6	0.5	Social	91	1353	0.873614	0.0881005	-1	0.01
14	6	0.5	Social	92	1311	0.857361	0.0857361	-1	0.01
14	6	0.5	Social	93	1240	0.843548	0.0843548	59	0.01
14	6	0.5	Social	94	1316	0.882979	0.0892097	-1	0.01
14	6	0.5	Social	95	1301	0.863951	0.0877786	-1	0.01
14	6	0.5	Social	96	1339	0.882001	0.0883495	-1	0.01
14	6	0.5	Social	97	1193	0.813076	0.0821459	-1	0.01
14	6	0.5	Social	98	1266	0.841232	0.0864139	-1	0.01
14	6	0.5	Social	99	1287	0.817405	0.0839938	-1	0.01
15	6	0.5	Social	0	1371	0.804522	0.0837345	29	0.01
15	6	0.5	Social	1	1347	0.787676	0.0815145	-1	0.01
15	6	0.5	Social	2	1349	0.791698	0.0793921	-1	0.01
15	6	0.5	Social	3	1315	0.8	0.0807605	-1	0.01
15	6	0.5	Social	4	1565	0.921406	0.0921406	-1	0.01
15	6	0.5	Social	5	1228	0.756515	0.0772801	-1	0.01
15	6	0.5	Social	6	1236	0.773463	0.0773463	-1	0.01
15	6	0.5	Social	7	1287	0.802642	0.0804973	-1	0.01
15	6	0.5	Social	8	1379	0.823785	0.0828136	-1	0.01
15	6	0.5	Social	9	1540	0.906494	0.0906494	-1	0.01
15	6	0.5	Social	10	1256	0.777866	0.0799363	-1	0.01
15	6	0.5	Social	11	1314	0.824201	0.0824201	-1	0.01
15	6	0.5	Social	12	1273	0.802828	0.0802828	-1	0.01
15	6	0.5	Social	13	1255	0.739442	0.0773705	-1	0.01
15	6	0.5	Social	14	1325	0.771321	0.0784151	-1	0.01
15	6	0.5	Social	15	1427	0.87246	0.087246	-1	0.01
15	6	0.5	Social	16	1489	0.909335	0.0916051	-1	0.01
15	6	0.5	Social	17	1403	0.86814	0.086814	-1	0.01
15	6	0.5	Social	18	1342	0.821908	0.0821908	-1	0.01
15	6	0.5	Social	19	1547	0.929541	0.0929541	-1	0.01
15	6	0.5	Social	20	1444	0.869806	0.0869806	7	0.01
15	6	0.5	Social	21	1302	0.800307	0.0803379	-1	0.01
15	6	0.5	Social	22	1305	0.798467	0.0807663	-1	0.01
15	6	0.5	Social	23	1295	0.779923	0.0784556	-1	0.01
15	6	0.5	Social	24	1279	0.749023	0.0769351	-1	0.01
15	6	0.5	Social	25	1318	0.781487	0.0788316	-1	0.01
15	6	0.5	Social	26	1472	0.866848	0.0879076	-1	0.01
15	6	0.5	Social	27	1249	0.772618	0.0792634	-1	0.01
15	6	0.5	Social	28	1290	0.825581	0.0825581	-1	0.01
15	6	0.5	Social	29	1296	0.748457	0.0760031	-1	0.01
15	6	0.5	Social	30	1330	0.769173	0.077218	-1	0.01
15	6	0.5	Social	31	1375	0.867636	0.0874182	-1	0.01
15	6	0.5	Social	32	1462	0.904925	0.0909029	-1	0.01
15	6	0.5	Social	33	1529	0.886854	0.0905821	-1	0.01
15	6	0.5	Social	34	1508	0.894562	0.0918435	-1	0.01
15	6	0.5	Social	35	1389	0.848092	0.0862491	-1	0.01
15	6	0.5	Social	36	1174	0.732538	0.0732538	7	0.01
15	6	0.5	Social	37	1476	0.828591	0.0903794	-1	0.01
15	6	0.5	Social	38	1354	0.789513	0.0801329	-1	0.01
15	6	0.5	Social	39	1353	0.817443	0.0821138	-1	0.01
15	6	0.5	Social	40	1241	0.734891	0.0734891	6	0.01
15	6	0.5	Social	41	1331	0.810669	0.0816679	-1	0.01
15	6	0.5	Social	42	1297	0.735544	0.0789514	-1	0.01
15	6	0.5	Social	43	1386	0.874459	0.0874459	-1	0.01
15	6	0.5	Social	44	1512	0.895503	0.0895503	-1	0.01
15	6	0.5	Social	45	1398	0.837625	0.08598	-1	0.01
15	6	0.5	Social	46	1260	0.786508	0.0816667	-1	0.01
15	6	0.5	Social	47	1363	0.826853	0.0826853	-1	0.01
15	6	0.5	Social	48	1365	0.808791	0.0858608	-1	0.01
15	6	0.5	Social	49	1275	0.773333	0.0792157	-1	0.01
15	6	0.5	Social	50	1231	0.693745	0.0748985	-1	0.01
15	6	0.5	Social	51	1345	0.830483	0.0835688	-1	0.01
15	6	0.5	Social	52	1309	0.804431	0.0805195	-1	0.01
15	6	0.5	Social	53	1314	0.780061	0.0802131	-1	0.01
15	6	0.5	Social	54	1383	0.840926	0.0840926	-1	0.01
15	6	0.5	Social	55	1338	0.801196	0.0834081	-1	0.01
15	6	0.5	Social	56	1252	0.729233	0.0729233	-1	0.01
15	6	0.5	Social	57	1280	0.760156	0.0760156	-1	0.01
15	6	0.5	Social	58	1435	0.864808	0.0864808	-1	0.01
15	6	0.5	Social	59	1329	0.798345	0.0813394	-1	0.01
15	6	0.5	Social	60	1234	0.802269	0.0802269	-1	0.01
15	6	0.5	Social	61	1455	0.877663	0.0877663	-1	0.01
15	6	0.5	Social	62	1298	0.785824	0.0785824	-1	0.01
15	6	0.5	Social	63	1081	0.619796	0.0683626	-1	0.01
15	6	0.5	Social	64	1424	0.858146	0.0863764	-1	0.01
15	6	0.5	Social	65	1237	0.769604	0.0792239	-1	0.01
15	6	0.5	Social	66	1324	0.808157	0.0822508	-1	0.01
15	6	0.5	Social	67	1350	0.826667	0.0826667	-1	0.01
15	6	0.5	Social	68	1376	0.882267	0.0890988	-1	0.01
15	6	0.5	Social	69	1454	0.854195	0.0861761	-1	0.01
15	6	0.5	Social	70	1199	0.743953	0.0743953	-1	0.01
15	6	0.5	Social	71	1415	0.844523	0.0854417	-1	0.01
15	6	0.5	Social	72	1347	0.826281	0.0826281	-1	0.01
15	6	0.5	Social	73	1283	0.805924	0.0805924	-1	0.01
15	6	0.5	Social	74	1384	0.866329	0.0866329	-1	0.01
15	6	0.5	Social	75	1341	0.828486	0.0828486	-1	0.01
15	6	0.5	Social	76	1441	0.894518	0.0894518	-1	0.01
15	6	0.5	Social	77	1279	0.770133	0.0777952	-1	0.01
15	6	0.5	Social	78	1426	0.850631	0.0852034	-1	0.01
15	6	0.5	Social	79	1382	0.833575	0.083864	-1	0.01
15	6	0.5	Social	80	1204	0.730066	0.0730066	-1	0.01
15	6	0.5	Social	81	1350	0.722963	0.0804444	11	0.01
15	6	0.5	Social	82	1399	0.838456	0.0838456	-1	0.01
15	6	0.5	Social	83	1198	0.77379	0.0779633	-1	0.01
15	6	0.5	Social	84	1392	0.85704	0.085704	15	0.01
15	6	0.5	Social	85	1332	0.809309	0.083033	-1	0.01
15	6	0.5	Social	86	1272	0.761792	0.0763365	-1	0.01
15	6	0.5	Social	87	1286	0.666407	0.0741058	48	0.01
15	6	0.5	Social	88	1394	0.843615	0.0868723	-1	0.01
15	6	0.5	Social	89	1297	0.797995	0.0797995	-1	0.01
15	6	0.5	Social	90	1193	0.705784	0.0708298	-1	0.01
15	6	0.5	Social	91	1464	0.881148	0.0887978	-1	0.01
15	6	0.5	Social	92	1397	0.823193	0.0827487	-1	0.01
15	6	0.5	Social	93	1230	0.779675	0.0789431	-1	0.01
15	6	0.5	Social	94	1253	0.787709	0.0792498	-1	0.01
15	6	0.5	Social	95	1361	0.855253	0.0862601	-1	0.01
15	6	0.5	Social	96	1504	0.922207	0.0923537	-1	0.01
15	6	0.5	Social	97	1542	0.850195	0.0924125	-1	0.01
15	6	0.5	Social	98	1366	0.810395	0.0830893	-1	0.01
15	6	0.5	Social	99	1496	0.893717	0.0905749	-1	0.01
16	6	0.5	Social	0	1484	0.828167	0.0856469	-1	0.01
16	6	0.5	Social	1	1503	0.844977	0.0852295	-1	0.01
16	6	0.5	Social	2	1402	0.808845	0.0810271	-1	0.01
16	6	0.5	Social	3	1253	0.68316	0.0715084	15	0.01
16	6	0.5	Social	4	1379	0.728064	0.0814358	-1	0.01
16	6	0.5	Social	5	1543	0.869734	0.0869734	-1	0.01
16	6	0.5	Social	6	1333	0.744186	0.0754689	-1	0.01
16	6	0.5	Social	7	1337	0.812266	0.0815258	-1	0.01
16	6	0.5	Social	8	1274	0.722135	0.0745683	-1	0.01
16	6	0.5	Social	9	1454	0.84663	0.0855571	-1	0.01
16	6	0.5	Social	10	1416	0.782486	0.0800141	-1	0.01
16	6	0.5	Social	11	1387	0.816871	0.0839942	-1	0.01
16	6	0.5	Social	12	1479	0.827586	0.0834348	-1	0.01
16	6	0.5	Social	13	1324	0.716767	0.0719789	-1	0.01
16	6	0.5	Social	14	1229	0.706265	0.0719284	31	0.01
16	6	0.5	Social	15	1241	0.707494	0.0709106	-1	0.01
16	6	0.5	Social	16	1323	0.7226	0.0740741	-1	0.01
16	6	0.5	Social	17	1328	0.766566	0.0766566	-1	0.01
16	6	0.5	Social	18	1258	0.743243	0.0763116	13	0.01
16	6	0.5	Social	19	1255	0.579283	0.0750598	-1	0.01
16	6	0.5	Social	20	1564	0.890665	0.0890665	-1	0.01
16	6	0.5	Social	21	1390	0.757554	0.0757554	-1	0.01
16	6	0.5	Social	22	1480	0.82027	0.0858784	-1	0.01
16	6	0.5	Social	23	1386	0.760462	0.0775613	-1	0.01
16	6	0.5	Social	24	1580	0.888608	0.0888608	-1	0.01
16	6	0.5	Social	25	1296	0.729167	0.0729167	-1	0.01
16	6	0.5	Social	26	1307	0.615914	0.075593	-1	0.01
16	6	0.5	Social	27	1388	0.790346	0.0818444	-1	0.01
16	6	0.5	Social	28	1356	0.759587	0.0764012	-1	0.01
16	6	0.5	Social	29	1268	0.352524	0.07153	-1	0.01
16	6	0.5	Social	30	1361	0.776635	0.0776635	-1	0.01
16	6	0.5	Social	31	1252	0.690096	0.0697284	-1	0.01
16	6	0.5	Social	32	1245	0.728514	0.0738956	-1	0.01
16	6	0.5	Social	33	1468	0.792916	0.0839918	20	0.01
16	6	0.5	Social	34	1320	0.74697	0.0755303	-1	0.01
16	6	0.5	Social	35	1259	0.687053	0.0744241	-1	0.01
16	6	0.5	Social	36	1297	0.750193	0.0750193	-1	0.01
16	6	0.5	Social	37	1296	0.736883	0.0756173	-1	0.01
16	6	0.5	Social	38	1374	0.775109	0.0786026	-1	0.01
16	6	0.5	Social	39	1388	0.790346	0.0808357	-1	0.01
16	6	0.5	Social	40	1191	0.671704	0.068178	-1	0.01
16	6	0.5	Social	41	1133	0.578994	0.0652251	-1	0.01
16	6	0.5	Social	42	1265	0.693281	0.072253	-1	0.01
16	6	0.5	Social	43	1335	0.72809	0.0735581	55	0.01
16	6	0.5	Social	44	1223	0.615699	0.0625511	-1	0.01
16	6	0.5	Social	45	1344	0.807292	0.0814732	58	0.01
16	6	0.5	Social	46	1437	0.808629	0.0808629	-1	0.01
16	6	0.5	Social	47	1544	0.86399	0.0867876	-1	0.01
16	6	0.5	Social	48	1254	0.6874	0.0695375	-1	0.01
16	6	0.5	Social	49	1363	0.762289	0.0768158	14	0.01
16	6	0.5	Social	50	1442	0.830791	0.0837032	-1	0.01
16	6	0.5	Social	51	1230	0.650407	0.0673171	6	0.01
16	6	0.5	Social	52	1372	0.797376	0.0797376	-1	0.01
16	6	0.5	Social	53	1421	0.802252	0.0807882	-1	0.01
16	6	0.5	Social	54	1280	0.717969	0.0724219	-1	0.01
16	6	0.5	Social	55	1277	0.72592	0.0749413	-1	0.01
16	6	0.5	Social	56	1388	0.74928	0.0804755	-1	0.01
16	6	0.5	Social	57	1233	0.719384	0.0719384	-1	0.01
16	6	0.5	Social	58	1368	0.790205	0.0790205	31	0.01
16	6	0.5	Social	59	1358	0.797496	0.0797496	-1	0.01
16	6	0.5	Social	60	1491	0.813548	0.0813548	-1	0.01
16	6	0.5	Social	61	1234	0.712318	0.0724473	-1	0.01
16	6	0.5	Social	62	1380	0.784058	0.0784058	-1	0.01
16	6	0.5	Social	63	1274	0.707221	0.0707221	-1	0.01
16	6	0.5	Social	64	1441	0.818876	0.0845246	-1	0.01
16	6	0.5	Social	65	1607	0.928438	0.0929683	-1	0.01
16	6	0.5	Social	66	1338	0.756353	0.0756353	-1	0.01
16	6	0.5	Social	67	1296	0.71142	0.0760802	-1	0.01
16	6	0.5	Social	68	1405	0.806406	0.0806406	-1	0.01
16	6	0.5	Social	69	1374	0.755459	0.0789665	-1	0.01
16	6	0.5	Social	70	1476	0.810298	0.0817073	14	0.01
16	6	0.5	Social	71	1255	0.711554	0.0711554	-1	0.01
16	6	0.5	Social	72	1330	0.75188	0.0769925	-1	0.01
16	6	0.5	Social	73	1167	0.613539	0.0622965	-1	0.01
16	6	0.5	Social	74	1240	0.675806	0.0675806	9	0.01
16	6	0.5	Social	75	1417	0.761468	0.0817219	43	0.01
16	6	0.5	Social	76	1321	0.725965	0.0739591	-1	0.01
16	6	0.5	Social	77	1560	0.880769	0.0880769	-1	0.01
16	6	0.5	Social	78	1374	0.744541	0.0792576	3	0.01
16	6	0.5	Social	79	1364	0.768328	0.0788856	-1	0.01
16	6	0.5	Social	80	1435	0.818118	0.0818118	-1	0.01
16	6	0.5	Social	81	1303	0.72218	0.0728319	-1	0.01
16	6	0.5	Social	82	1282	0.659906	0.0671607	-1	0.01
16	6	0.5	Social	83	1247	0.708901	0.0708901	-1	0.01
16	6	0.5	Social	84	1439	0.80542	0.080542	-1	0.01
16	6	0.5	Social	85	1324	0.703172	0.0721299	4	0.01
16	6	0.5	Social	86	1303	0.778204	0.0785879	-1	0.01
16	6	0.5	Social	87	1277	0.712608	0.0712608	-1	0.01
16	6	0.5	Social	88	1523	0.80302	0.0842416	-1	0.01
16	6	0.5	Social	89	1525	0.873443	0.0873443	-1	0.01
16	6	0.5	Social	90	1324	0.736405	0.0765106	6	0.01
16	6	0.5	Social	91	1304	0.684816	0.0714724	-1	0.01
16	6	0.5	Social	92	1330	0.72782	0.074812	-1	0.01
16	6	0.5	Social	93	1464	0.840164	0.0840164	-1	0.01
16	6	0.5	Social	94	1321	0.756245	0.0756245	-1	0.01
16	6	0.5	Social	95	1382	0.825615	0.0825615	-1	0.01
16	6	0.5	Social	96	1401	0.775874	0.0794433	-1	0.01
16	6	0.5	Social	97	1296	0.737654	0.0740741	-1	0.01
16	6	0.5	Social	98	1412	0.818697	0.0818697	2	0.01
16	6	0.5	Social	99	1272	0.741352	0.0741352	-1	0.01
17	6	0.5	Social	0	1329	0.671181	0.0684725	-1	0.01
17	6	0.5	Social	1	1516	0.772427	0.0779683	-1	0.01
17	6	0.5	Social	2	1400	0.712143	0.0714286	-1	0.01
17	6	0.5	Social	3	1231	0.668562	0.0680747	24	0.01
17	6	0.5	Social	4	1469	0.752893	0.0752893	-1	0.01
17	6	0.5	Social	5	1489	0.783747	0.0785091	-1	0.01
17	6	0.5	Social	6	1437	0.77453	0.077453	-1	0.01
17	6	0.5	Social	7	1369	0.710738	0.0719503	-1	0.01
17	6	0.5	Social	8	1499	0.777852	0.0777852	-1	0.01
17	6	0.5	Social	9	1285	0.656809	0.0680156	-1	0.01
17	6	0.5	Social	10	1411	0.365698	0.0768958	-1	0.01
17	6	0.5	Social	11	1355	0.718819	0.0726937	0	0.01
17	6	0.5	Social	12	1495	0.790635	0.0790635	-1	0.01
17	6	0.5	Social	13	1504	0.767952	0.0767952	-1	0.01
17	6	0.5	Social	14	1409	0.682754	0.0685593	5	0.01
17	6	0.5	Social	15	1400	0.778571	0.0778571	-1	0.01
17	6	0.5	Social	16	1323	0.686319	0.0719577	-1	0.01
17	6	0.5	Social	17	1307	0.636572	0.0651109	-1	0.01
17	6	0.5	Social	18	1471	0.781101	0.0797417	-1	0.01
17	6	0.5	Social	19	1290	0.63876	0.0663566	-1	0.01
17	6	0.5	Social	20	1458	0.707819	0.075583	-1	0.01
17	6	0.5	Social	21	1403	0.706344	0.0736279	-1	0.01
17	6	0.5	Social	22	1462	0.751026	0.0816005	-1	0.01
17	6	0.5	Social	23	1451	0.688491	0.0767746	-1	0.01
17	6	0.5	Social	24	1337	0.70905	0.0713538	-1	0.01
17	6	0.5	Social	25	1515	0.782178	0.0792739	-1	0.01
17	6	0.5	Social	26	1486	0.847914	0.0847914	-1	0.01
17	6	0.5	Social	27	1345	0.702602	0.0722677	-1	0.01
17	6	0.5	Social	28	1338	0.706278	0.0706278	-1	0.01
17	6	0.5	Social	29	1325	0.706415	0.0710943	-1	0.01
17	6	0.5	Social	30	1638	0.82967	0.0843101	-1	0.01
17	6	0.5	Social	31	1368	0.72076	0.075	-1	0.01
17	6	0.5	Social	32	1561	0.816784	0.0836003	-1	0.01
17	6	0.5	Social	33	1342	0.71237	0.0733979	-1	0.01
17	6	0.5	Social	34	1496	0.81016	0.081016	66	0.01
17	6	0.5	Social	35	1362	0.711454	0.0712922	-1	0.01
17	6	0.5	Social	36	1470	0.72517	0.0755102	-1	0.01
17	6	0.5	Social	37	1387	0.777217	0.0782264	-1	0.01
17	6	0.5	Social	38	1233	0.605839	0.0619627	-1	0.01
17	6	0.5	Social	39	1484	0.776954	0.0784367	-1	0.01
17	6	0.5	Social	40	1397	0.685755	0.075519	-1	0.01
17	6	0.5	Social	41	1369	0.715121	0.0726077	-1	0.01
17	6	0.5	Social	42	1234	0.646677	0.0656402	-1	0.01
17	6	0.5	Social	43	1313	0.684692	0.0706778	-1	0.01
17	6	0.5	Social	44	1427	0.749124	0.0773651	-1	0.01
17	6	0.5	Social	45	1397	0.766643	0.0775233	-1	0.01
17	6	0.5	Social	46	1326	0.680241	0.0687783	-1	0.01
17	6	0.5	Social	47	1410	0.758865	0.0775887	-1	0.01
17	6	0.5	Social	48	1340	0.706716	0.0707463	-1	0.01
17	6	0.5	Social	49	1390	0.658993	0.072518	17	0.01
17	6	0.5	Social	50	1319	0.652009	0.0659591	-1	0.01
17	6	0.5	Social	51	1385	0.723466	0.0726354	-1	0.01
17	6	0.5	Social	52	1634	0.857405	0.0857405	25	0.01
17	6	0.5	Social	53	1259	0.694202	0.0694202	-1	0.01
17	6	0.5	Social	54	1440	0.765972	0.0776389	-1	0.01
17	6	0.5	Social	55	1443	0.759529	0.0763687	-1	0.01
17	6	0.5	Social	56	1516	0.838391	0.0838391	-1	0.01
17	6	0.5	Social	57	1650	0.860606	0.0869697	-1	0.01
17	6	0.5	Social	58	1371	0.717724	0.0726477	-1	0.01
17	6	0.5	Social	59	1422	0.762307	0.0769339	-1	0.01
17	6	0.5	Social	60	1327	0.655614	0.0657875	78	0.01
17	6	0.5	Social	61	1391	0.717469	0.0718907	-1	0.01
17	6	0.5	Social	62	1444	0.754155	0.0787396	-1	0.01
17	6	0.5	Social	63	1402	0.653352	0.078388	-1	0.01
17	6	0.5	Social	64	1470	0.757143	0.0778912	-1	0.01
17	6	0.5	Social	65	1488	0.773522	0.077957	-1	0.01
17	6	0.5	Social	66	1276	0.630094	0.0675549	-1	0.01
17	6	0.5	Social	67	1275	0.670588	0.0671373	-1	0.01
17	6	0.5	Social	68	1544	0.813472	0.0845855	-1	0.01
17	6	0.5	Social	69	1494	0.784471	0.0811245	-1	0.01
17	6	0.5	Social	70	1426	0.769986	0.0775596	-1	0.01
17	6	0.5	Social	71	1645	0.860182	0.0887538	-1	0.01
17	6	0.5	Social	72	1295	0.681081	0.0681081	-1	0.01
17	6	0.5	Social	73	1390	0.695683	0.0719424	-1	0.01
17	6	0.5	Social	74	1336	0.680389	0.0689371	-1	0.01
17	6	0.5	Social	75	1433	0.763433	0.0771807	-1	0.01
17	6	0.5	Social	76	1520	0.800658	0.0803289	9	0.01
17	6	0.5	Social	77	1377	0.702251	0.0722585	-1	0.01
17	6	0.5	Social	78	1389	0.776818	0.0783297	-1	0.01
17	6	0.5	Social	79	1395	0.760573	0.0760573	-1	0.01
17	6	0.5	Social	80	1409	0.709013	0.0725337	-1	0.01
17	6	0.5	Social	81	1620	0.85679	0.0859259	-1	0.01
17	6	0.5	Social	82	1435	0.754007	0.0758885	7	0.01
17	6	0.5	Social	83	1336	0.363772	0.073503	-1	0.01
17	6	0.5	Social	84	1573	0.830896	0.0858868	-1	0.01
17	6	0.5	Social	85	1402	0.743937	0.0743937	-1	0.01
17	6	0.5	Social	86	1445	0.759862	0.0764014	-1	0.01
17	6	0.5	Social	87	1618	0.839926	0.0848578	-1	0.01
17	6	0.5	Social	88	1337	0.691099	0.0691099	-1	0.01
17	6	0.5	Social	89	1373	0.681719	0.0721049	-1	0.01
17	6	0.5	Social	90	1407	0.69936	0.0729922	-1	0.01
17	6	0.5	Social	91	1457	0.800275	0.0802334	-1	0.01
17	6	0.5	Social	92	1339	0.678118	0.0684839	14	0.01
17	6	0.5	Social	93	1357	0.731761	0.0764186	-1	0.01
17	6	0.5	Social	94	1477	0.766418	0.0784699	-1	0.01
17	6	0.5	Social	95	1370	0.721898	0.0743796	-1	0.01
17	6	0.5	Social	96	1383	0.756327	0.076645	-1	0.01
17	6	0.5	Social	97	1292	0.678793	0.0686533	-1	0.01
17	6	0.5	Social	98	1243	0.638777	0.0662912	-1	0.01
17	6	0.5	Social	99	1377	0.718228	0.0738562	-1	0.01
18	6	0.5	Social	0	1335	0.612734	0.0612734	-1	0.01
18	6	0.5	Social	1	1387	0.638789	0.0657534	-1	0.01
18	6	0.5	Social	2	1494	0.757697	0.0761044	-1	0.01
18	6	0.5	Social	3	1466	0.735334	0.0740791	-1	0.01
18	6	0.5	Social	4	1360	0.658824	0.0689706	-1	0.01
18	6	0.5	Social	5	1457	0.726836	0.0751544	49	0.01
18	6	0.5	Social	6	1475	0.692203	0.071661	-1	0.01
18	6	0.5	Social	7	1248	0.563301	0.0636218	-1	0.01
18	6	0.5	Social	8	1532	0.776762	0.0779373	-1	0.01
18	6	0.5	Social	9	1662	0.852587	0.0871239	-1	0.01
18	6	0.5	Social	10	1456	0.711538	0.0721154	-1	0.01
18	6	0.5	Social	11	1439	0.708826	0.0725504	-1	0.01
18	6	0.5	Social	12	1298	0.64792	0.0661017	-1	0.01
18	6	0.5	Social	13	1505	0.698339	0.0766777	-1	0.01
18	6	0.5	Social	14	1241	0.581789	0.0581789	-1	0.01
18	6	0.5	Social	15	1368	0.663743	0.0693713	56	0.01
18	6	0.5	Social	16	1434	0.740586	0.0740586	-1	0.01
18	6	0.5	Social	17	1364	0.659824	0.0666422	-1	0.01
18	6	0.5	Social	18	1347	0.657016	0.066147	-1	0.01
18	6	0.5	Social	19	1453	0.687543	0.0699931	4	0.01
18	6	0.5	Social	20	1315	0.614449	0.0651711	-1	0.01
18	6	0.5	Social	21	1387	0.682048	0.0688536	-1	0.01
18	6	0.5	Social	22	1451	0.720193	0.0728463	-1	0.01
18	6	0.5	Social	23	1250	0.5432	0.056	-1	0.01
18	6	0.5	Social	24	1483	0.739717	0.0780175	-1	0.01
18	6	0.5	Social	25	1462	0.705882	0.0705882	9	0.01
18	6	0.5	Social	26	1380	0.63913	0.0649275	-1	0.01
18	6	0.5	Social	27	1360	0.634559	0.06875	-1	0.01
18	6	0.5	Social	28	1356	0.64233	0.0643805	-1	0.01
18	6	0.5	Social	29	1192	0.516779	0.0552013	137	0.01
18	6	0.5	Social	30	1347	0.632517	0.0634001	-1	0.01
18	6	0.5	Social	31	1292	0.626935	0.0626935	-1	0.01
18	6	0.5	Social	32	1279	0.572322	0.061767	-1	0.01
18	6	0.5	Social	33	1276	0.610502	0.0642633	27	0.01
18	6	0.5	Social	34	1443	0.699931	0.0727651	-1	0.01
18	6	0.5	Social	35	1353	0.631929	0.0702882	-1	0.01
18	6	0.5	Social	36	1331	0.586026	0.0624343	-1	0.01
18	6	0.5	Social	37	1431	0.615653	0.070021	-1	0.01
18	6	0.5	Social	38	1335	0.653184	0.0657678	-1	0.01
18	6	0.5	Social	39	1273	0.613511	0.0613511	-1	0.01
18	6	0.5	Social	40	1341	0.605518	0.0640567	-1	0.01
18	6	0.5	Social	41	1442	0.710125	0.0758669	-1	0.01
18	6	0.5	Social	42	1465	0.736519	0.0748123	-1	0.01
18	6	0.5	Social	43	1470	0.614286	0.0761224	-1	0.01
18	6	0.5	Social	44	1341	0.627144	0.0679344	-1	0.01
18	6	0.5	Social	45	1493	0.758875	0.0760884	-1	0.01
18	6	0.5	Social	46	1665	0.768769	0.0816817	-1	0.01
18	6	0.5	Social	47	1428	0.683473	0.0714986	-1	0.01
18	6	0.5	Social	48	1445	0.692042	0.0731488	-1	0.01
18	6	0.5	Social	49	1383	0.63196	0.063196	11	0.01
18	6	0.5	Social	50	1262	0.497623	0.0603011	-1	0.01
18	6	0.5	Social	51	1524	0.738189	0.0740814	-1	0.01
18	6	0.5	Social	52	1649	0.775015	0.0815646	-1	0.01
18	6	0.5	Social	53	1504	0.78125	0.078258	-1	0.01
18	6	0.5	Social	54	1437	0.695894	0.0695894	-1	0.01
18	6	0.5	Social	55	1429	0.6669	0.0713086	-1	0.01
18	6	0.5	Social	56	1426	0.728612	0.0761571	-1	0.01
18	6	0.5	Social	57	1297	0.563608	0.0590594	-1	0.01
18	6	0.5	Social	58	1324	0.560423	0.0626133	-1	0.01
18	6	0.5	Social	59	1362	0.639501	0.0648311	-1	0.01
18	6	0.5	Social	60	1316	0.617021	0.062234	-1	0.01
18	6	0.5	Social	61	1317	0.590737	0.059833	-1	0.01
18	6	0.5	Social	62	1343	0.638868	0.0651526	-1	0.01
18	6	0.5	Social	63	1301	0.575711	0.0578786	-1	0.01
18	6	0.5	Social	64	1440	0.684722	0.0684722	-1	0.01
18	6	0.5	Social	65	1417	0.676782	0.0681722	25	0.01
18	6	0.5	Social	66	1405	0.670463	0.072242	-1	0.01
18	6	0.5	Social	67	1260	0.605556	0.0623016	-1	0.01
18	6	0.5	Social	68	1536	0.781901	0.0781901	-1	0.01
18	6	0.5	Social	69	1267	0.576953	0.0584846	-1	0.01
18	6	0.5	Social	70	1404	0.665242	0.0665242	-1	0.01
18	6	0.5	Social	71	1470	0.726531	0.0726531	-1	0.01
18	6	0.5	Social	72	1321	0.640424	0.0659349	-1	0.01
18	6	0.5	Social	73	1380	0.66087	0.0678261	-1	0.01
18	6	0.5	Social	74	1448	0.72721	0.0739641	-1	0.01
18	6	0.5	Social	75	1270	0.626772	0.0626772	-1	0.01
18	6	0.5	Social	76	1489	0.731363	0.0746138	-1	0.01
18	6	0.5	Social	77	1395	0.676703	0.0688172	-1	0.01
18	6	0.5	Social	78	1336	0.662425	0.0666916	-1	0.01
18	6	0.5	Social	79	1278	0.532864	0.0575117	55	0.01
18	6	0.5	Social	80	1501	0.734843	0.0761492	-1	0.01
18	6	0.5	Social	81	1441	0.721027	0.0721721	-1	0.01
18	6	0.5	Social	82	1577	0.75967	0.0797717	-1	0.01
18	6	0.5	Social	83	1432	0.705307	0.0733939	-1	0.01
18	6	0.5	Social	84	1500	0.763333	0.0763333	-1	0.01
18	6	0.5	Social	85	1358	0.620766	0.0643594	-1	0.01
18	6	0.5	Social	86	1652	0.824455	0.0833535	-1	0.01
18	6	0.5	Social	87	1282	0.631825	0.0652886	-1	0.01
18	6	0.5	Social	88	1365	0.61685	0.0677656	-1	0.01
18	6	0.5	Social	89	1556	0.75964	0.0773779	50	0.01
18	6	0.5	Social	90	1192	0.549497	0.0575503	-1	0.01
18	6	0.5	Social	91	1422	0.652602	0.0722222	-1	0.01
18	6	0.5	Social	92	1313	0.654227	0.0654227	-1	0.01
18	6	0.5	Social	93	1454	0.720083	0.0724209	-1	0.01
18	6	0.5	Social	94	1507	0.725282	0.0790312	-1	0.01
18	6	0.5	Social	95	1366	0.657394	0.0678624	-1	0.01
18	6	0.5	Social	96	1316	0.634498	0.0634498	-1	0.01
18	6	0.5	Social	97	1288	0.59705	0.0611801	24	0.01
18	6	0.5	Social	98	1366	0.616398	0.0622255	-1	0.01
18	6	0.5	Social	99	1440	0.675694	0.068125	-1	0.01
19	6	0.5	Social	0	1471	0.646499	0.0664174	-1	0.01
19	6	0.5	Social	1	1509	0.699139	0.0699139	16	0.01
19	6	0.5	Social	2	1588	0.687028	0.0734887	-1	0.01
19	6	0.5	Social	3	1403	0.581611	0.0630791	-1	0.01
19	6	0.5	Social	4	1281	0.495706	0.0557377	-1	0.01
19	6	0.5	Social	5	1269	0.529551	0.0568164	-1	0.01
19	6	0.5	Social	6	1404	0.618946	0.0641026	-1	0.01
19	6	0.5	Social	7	1469	0.665759	0.0671205	-1	0.01
19	6	0.5	Social	8	1409	0.655075	0.0662881	-1	0.01
19	6	0.5	Social	9	1211	0.474814	0.0484723	-1	0.01
19	6	0.5	Social	10	1647	0.757134	0.0773528	-1	0.01
19	6	0.5	Social	11	1422	0.587904	0.0623769	-1	0.01
19	6	0.5	Social	12	1313	0.508759	0.0526276	-1	0.01
19	6	0.5	Social	13	1466	0.666439	0.0686903	-1	0.01
19	6	0.5	Social	14	1384	0.59104	0.061922	-1	0.01
19	6	0.5	Social	15	1258	0.554054	0.0573927	-1	0.01
19	6	0.5	Social	16	1402	0.587019	0.0597718	-1	0.01
19	6	0.5	Social	17	1406	0.628734	0.0640825	-1	0.01
19	6	0.5	Social	18	1339	0.540702	0.0554892	23	0.01
19	6	0.5	Social	19	1444	0.673823	0.0673823	-1	0.01
19	6	0.5	Social	20	1318	0.574355	0.0580425	-1	0.01
19	6	0.5	Social	21	1404	0.612536	0.0653846	-1	0.01
19	6	0.5	Social	22	1464	0.644809	0.0648224	-1	0.01
19	6	0.5	Social	23	1335	0.568539	0.0573034	-1	0.01
19	6	0.5	Social	24	1604	0.756234	0.0765586	-1	0.01
19	6	0.5	Social	25	1487	0.683255	0.069805	4	0.01
19	6	0.5	Social	26	1487	0.669132	0.0687962	-1	0.01
19	6	0.5	Social	27	1304	0.585123	0.0614264	-1	0.01
19	6	0.5	Social	28	1477	0.72715	0.0737305	14	0.01
19	6	0.5	Social	29	1464	0.678962	0.0685792	-1	0.01
19	6	0.5	Social	30	1377	0.588235	0.0601307	-1	0.01
19	6	0.5	Social	31	1388	0.628242	0.0634726	-1	0.01
19	6	0.5	Social	32	1385	0.59639	0.061083	-1	0.01
19	6	0.5	Social	33	1194	0.505863	0.0509213	8	0.01
19	6	0.5	Social	34	1374	0.57278	0.0585881	-1	0.01
19	6	0.5	Social	35	1353	0.617147	0.0657058	-1	0.01
19	6	0.5	Social	36	1512	0.666005	0.0706349	-1	0.01
19	6	0.5	Social	37	1204	0.475914	0.0490864	-1	0.01
19	6	0.5	Social	38	1336	0.550898	0.0599551	-1	0.01
19	6	0.5	Social	39	1409	0.650106	0.0669269	-1	0.01
19	6	0.5	Social	40	1595	0.710972	0.0736677	-1	0.01
19	6	0.5	Social	41	1520	0.715132	0.0721053	-1	0.01
19	6	0.5	Social	42	1500	0.674667	0.0694	-1	0.01
19	6	0.5	Social	43	1166	0.445969	0.046741	-1	0.01
19	6	0.5	Social	44	1557	0.694284	0.071869	-1	0.01
19	6	0.5	Social	45	1404	0.571225	0.0571937	-1	0.01
19	6	0.5	Social	46	1512	0.707672	0.0712963	-1	0.01
19	6	0.5	Social	47	1613	0.761934	0.0778053	-1	0.01
19	6	0.5	Social	48	1342	0.590164	0.0608048	-1	0.01
19	6	0.5	Social	49	1387	0.601298	0.0650324	-1	0.01
19	6	0.5	Social	50	1505	0.556811	0.0675748	-1	0.01
19	6	0.5	Social	51	1347	0.594655	0.0610987	-1	0.01
19	6	0.5	Social	52	1410	0.607801	0.0695745	-1	0.01
19	6	0.5	Social	53	1546	0.727038	0.0732859	-1	0.01
19	6	0.5	Social	54	1509	0.726309	0.0730948	-1	0.01
19	6	0.5	Social	55	1465	0.680546	0.0681229	-1	0.01
19	6	0.5	Social	56	1552	0.724227	0.076933	9	0.01
19	6	0.5	Social	57	1374	0.611354	0.0613537	12	0.01
19	6	0.5	Social	58	1345	0.614126	0.0623792	-1	0.01
19	6	0.5	Social	59	1280	0.504687	0.054375	-1	0.01
19	6	0.5	Social	60	1545	0.715858	0.0734628	-1	0.01
19	6	0.5	Social	61	1424	0.634129	0.0642556	-1	0.01
19	6	0.5	Social	62	1363	0.576669	0.060675	-1	0.01
19	6	0.5	Social	63	1522	0.720105	0.0737188	-1	0.01
19	6	0.5	Social	64	1422	0.620956	0.064557	-1	0.01
19	6	0.5	Social	65	1306	0.586524	0.0590352	-1	0.01
19	6	0.5	Social	66	1319	0.535254	0.0574678	-1	0.01
19	6	0.5	Social	67	1407	0.627576	0.0633262	-1	0.01
19	6	0.5	Social	68	1451	0.659545	0.0675396	-1	0.01
19	6	0.5	Social	69	1481	0.673194	0.0689399	-1	0.01
19	6	0.5	Social	70	1444	0.610803	0.0625346	-1	0.01
19	6	0.5	Social	71	1548	0.683463	0.071124	-1	0.01
19	6	0.5	Social	72	1271	0.564123	0.0568057	-1	0.01
19	6	0.5	Social	73	1448	0.64779	0.0667127	18	0.01
19	6	0.5	Social	74	1479	0.670723	0.0678161	-1	0.01
19	6	0.5	Social	75	1411	0.588235	0.0635011	-1	0.01
19	6	0.5	Social	76	1529	0.736429	0.0741661	-1	0.01
19	6	0.5	Social	77	1360	0.527941	0.0555147	-1	0.01
19	6	0.5	Social	78	1406	0.610242	0.061522	-1	0.01
19	6	0.5	Social	79	1359	0.598234	0.0610743	-1	0.01
19	6	0.5	Social	80	1243	0.482703	0.052856	-1	0.01
19	6	0.5	Social	81	1356	0.522124	0.060177	-1	0.01
19	6	0.5	Social	82	1324	0.481118	0.0601208	-1	0.01
19	6	0.5	Social	83	1386	0.625541	0.0625541	-1	0.01
19	6	0.5	Social	84	1362	0.617474	0.0617474	-1	0.01
19	6	0.5	Social	85	1320	0.512121	0.0519697	-1	0.01
19	6	0.5	Social	86	1372	0.607143	0.0624636	-1	0.01
19	6	0.5	Social	87	1390	0.61295	0.0620144	-1	0.01
19	6	0.5	Social	88	1373	0.565186	0.0581209	-1	0.01
19	6	0.5	Social	89	1525	0.680656	0.0717377	-1	0.01
19	6	0.5	Social	90	1333	0.543136	0.0574644	-1	0.01
19	6	0.5	Social	91	1479	0.711968	0.0723462	-1	0.01
19	6	0.5	Social	92	1441	0.608605	0.0675226	-1	0.01
19	6	0.5	Social	93	1511	0.678359	0.0698875	4	0.01
19	6	0.5	Social	94	1340	0.574627	0.0574627	-1	0.01
19	6	0.5	Social	95	1377	0.580247	0.0591866	-1	0.01
19	6	0.5	Social	96	1374	0.608443	0.0620815	-1	0.01
19	6	0.5	Social	97	1345	0.560595	0.0578439	-1	0.01
19	6	0.5	Social	98	1346	0.549034	0.0572808	-1	0.01
19	6	0.5	Social	99	1355	0.608856	0.0620664	-1	0.01
20	6	0.5	Social	0	1284	0.512461	0.0518692	10	0.01
20	6	0.5	Social	1	1498	0.598131	0.0620828	-1	0.01
20	6	0.5	Social	2	1392	0.593391	0.062069	-1	0.01
20	6	0.5	Social	3	1463	0.614491	0.0619959	-1	0.01
20	6	0.5	Social	4	1371	0.544858	0.0555069	-1	0.01
20	6	0.5	Social	5	1395	0.528315	0.0584229	-1	0.01
20	6	0.5	Social	6	1458	0.603567	0.062963	-1	0.01
20	6	0.5	Social	7	1409	0.520937	0.053939	31	0.01
20	6	0.5	Social	8	1461	0.62423	0.062423	-1	0.01
20	6	0.5	Social	9	1541	0.59377	0.0674238	-1	0.01
20	6	0.5	Social	10	1455	0.550515	0.0616495	-1	0.01
20	6	0.5	Social	11	1483	0.623061	0.0640593	-1	0.01
20	6	0.5	Social	12	1325	0.513962	0.0518491	-1	0.01
20	6	0.5	Social	13	1362	0.574156	0.0593979	-1	0.01
20	6	0.5	Social	14	1485	0.670707	0.0675421	-1	0.01
20	6	0.5	Social	15	1365	0.487179	0.052674	-1	0.01
20	6	0.5	Social	16	1458	0.546639	0.0574074	-1	0.01
20	6	0.5	Social	17	1295	0.40695	0.0471815	-1	0.01
20	6	0.5	Social	18	1444	0.527008	0.0572022	-1	0.01
20	6	0.5	Social	19	1416	0.536723	0.0550141	-1	0.01
20	6	0.5	Social	20	1440	0.592361	0.0620139	-1	0.01
20	6	0.5	Social	21	1522	0.620894	0.0669514	-1	0.01
20	6	0.5	Social	22	1319	0.486732	0.0505686	-1	0.01
20	6	0.5	Social	23	1814	0.744212	0.079548	-1	0.01
20	6	0.5	Social	24	1508	0.635942	0.0671751	-1	0.01
20	6	0.5	Social	25	1365	0.558974	0.0558974	-1	0.01
20	6	0.5	Social	26	1322	0.503026	0.0523449	-1	0.01
20	6	0.5	Social	27	1391	0.567218	0.0574407	31	0.01
20	6	0.5	Social	28	1357	0.482682	0.053353	-1	0.01
20	6	0.5	Social	29	1395	0.579928	0.0582079	-1	0.01
20	6	0.5	Social	30	1394	0.596844	0.0596844	-1	0.01
20	6	0.5	Social	31	1527	0.576293	0.0599869	-1	0.01
20	6	0.5	Social	32	1550	0.669677	0.0694194	16	0.01
20	6	0.5	Social	33	1508	0.64191	0.0666446	-1	0.01
20	6	0.5	Social	34	1280	0.528125	0.054375	-1	0.01
20	6	0.5	Social	35	1409	0.547906	0.0560681	-1	0.01
20	6	0.5	Social	36	1320	0.479545	0.0506061	-1	0.01
20	6	0.5	Social	37	1490	0.587248	0.0620134	46	0.01
20	6	0.5	Social	38	1510	0.637086	0.0649669	-1	0.01
20	6	0.5	Social	39	1320	0.516667	0.0523485	-1	0.01
20	6	0.5	Social	40	1336	0.540419	0.0557635	-1	0.01
20	6	0.5	Social	41	1238	0.339257	0.0420032	-1	0.01
20	6	0.5	Social	42	1410	0.585816	0.0598582	-1	0.01
20	6	0.5	Social	43	1361	0.540044	0.05518	-1	0.01
20	6	0.5	Social	44	1332	0.394895	0.045045	-1	0.01
20	6	0.5	Social	45	1331	0.496619	0.0496619	-1	0.01
20	6	0.5	Social	46	1498	0.512016	0.0657543	-1	0.01
20	6	0.5	Social	47	1418	0.545134	0.0545839	-1	0.01
20	6	0.5	Social	48	1425	0.558596	0.058386	-1	0.01
20	6	0.5	Social	49	1509	0.624917	0.0626905	-1	0.01
20	6	0.5	Social	50	1496	0.660428	0.0665775	-1	0.01
20	6	0.5	Social	51	1408	0.573153	0.0585938	-1	0.01
20	6	0.5	Social	52	1279	0.473026	0.0486317	111	0.01
20	6	0.5	Social	53	1380	0.542029	0.0574638	-1	0.01
20	6	0.5	Social	54	1332	0.547297	0.0551802	-1	0.01
20	6	0.5	Social	55	1475	0.575593	0.0622373	-1	0.01
20	6	0.5	Social	56	1596	0.66792	0.0672932	-1	0.01
20	6	0.5	Social	57	1370	0.50292	0.0510949	231	0.01
20	6	0.5	Social	58	1450	0.613103	0.0613103	5	0.01
20	6	0.5	Social	59	1329	0.48608	0.0519187	-1	0.01
20	6	0.5	Social	60	1460	0.604795	0.0604795	4	0.01
20	6	0.5	Social	61	1469	0.556161	0.0605174	-1	0.01
20	6	0.5	Social	62	1477	0.632363	0.0635071	-1	0.01
20	6	0.5	Social	63	1494	0.638554	0.0676707	-1	0.01
20	6	0.5	Social	64	1442	0.576976	0.0592233	-1	0.01
20	6	0.5	Social	65	1489	0.623237	0.0638012	-1	0.01
20	6	0.5	Social	66	1384	0.533237	0.0547688	-1	0.01
20	6	0.5	Social	67	1242	0.42351	0.0467794	-1	0.01
20	6	0.5	Social	68	1455	0.633677	0.0663918	-1	0.01
20	6	0.5	Social	69	1560	0.63141	0.0641026	24	0.01
20	6	0.5	Social	70	1367	0.508413	0.052158	-1	0.01
20	6	0.5	Social	71	1230	0.466667	0.0502439	-1	0.01
20	6	0.5	Social	72	1340	0.497015	0.0547761	-1	0.01
20	6	0.5	Social	73	1393	0.51687	0.0542714	-1	0.01
20	6	0.5	Social	74	1242	0.434783	0.0463768	22	0.01
20	6	0.5	Social	75	1399	0.566119	0.0600429	-1	0.01
20	6	0.5	Social	76	1378	0.549347	0.059434	-1	0.01
20	6	0.5	Social	77	1469	0.515997	0.0597686	-1	0.01
20	6	0.5	Social	78	1469	0.539142	0.0647379	-1	0.01
20	6	0.5	Social	79	1340	0.570896	0.0580597	-1	0.01
20	6	0.5	Social	80	1356	0.550147	0.0559735	1	0.01
20	6	0.5	Social	81	1570	0.615287	0.0651592	-1	0.01
20	6	0.5	Social	82	1483	0.571814	0.0604181	-1	0.01
20	6	0.5	Social	83	1427	0.569727	0.0614576	-1	0.01
20	6	0.5	Social	84	1313	0.512567	0.0520183	13	0.01
20	6	0.5	Social	85	1420	0.555634	0.0567606	-1	0.01
20	6	0.5	Social	86	1313	0.482864	0.0493526	-1	0.01
20	6	0.5	Social	87	1365	0.510623	0.0538462	-1	0.01
20	6	0.5	Social	88	1303	0.524175	0.0527245	-1	0.01
20	6	0.5	Social	89	1497	0.625919	0.0653975	8	0.01
20	6	0.5	Social	90	1319	0.504928	0.0510993	-1	0.01
20	6	0.5	Social	91	1544	0.660622	0.0663212	-1	0.01
20	6	0.5	Social	92	1345	0.524907	0.0556134	-1	0.01
20	6	0.5	Social	93	1546	0.635834	0.0663001	-1	0.01
20	6	0.5	Social	94	1506	0.636786	0.0652722	-1	0.01
20	6	0.5	Social	95	1477	0.576845	0.060325	-1	0.01
20	6	0.5	Social	96	1440	0.497917	0.065	-1	0.01
20	6	0.5	Social	97	1347	0.523385	0.0544915	-1	0.01
20	6	0.5	Social	98	1349	0.556709	0.056338	-1	0.01
20	6	0.5	Social	99	1632	0.719975	0.0727941	16	0.01
