1	4	0.5	Social	0	0	-1	-1	3	0.01
1	4	0.5	Social	1	0	-1	-1	3	0.01
1	4	0.5	Social	2	334	0.997006	0.299102	-1	0.01
1	4	0.5	Social	3	0	-1	-1	2	0.01
1	4	0.5	Social	4	0	-1	-1	2	0.01
1	4	0.5	Social	5	0	-1	-1	-1	0.01
1	4	0.5	Social	6	0	-1	-1	2	0.01
1	4	0.5	Social	7	0	-1	-1	2	0.01
1	4	0.5	Social	8	345	0.982609	0.315942	-1	0.01
1	4	0.5	Social	9	423	0.992908	0.330024	-1	0.01
1	4	0.5	Social	10	92	1	0.2	-1	0.01
1	4	0.5	Social	11	352	1	0.3	-1	0.01
1	4	0.5	Social	12	387	0.994832	0.328682	-1	0.01
1	4	0.5	Social	13	0	-1	-1	-1	0.01
1	4	0.5	Social	14	334	1	0.320359	-1	0.01
1	4	0.5	Social	15	0	-1	-1	-1	0.01
1	4	0.5	Social	16	0	-1	-1	3	0.01
1	4	0.5	Social	17	0	-1	-1	2	0.01
1	4	0.5	Social	18	331	0.987915	0.296375	-1	0.01
1	4	0.5	Social	19	410	0.990244	0.36	-1	0.01
1	4	0.5	Social	20	397	0.992443	0.331486	-1	0.01
1	4	0.5	Social	21	0	-1	-1	-1	0.01
1	4	0.5	Social	22	319	0.996865	0.29906	-1	0.01
1	4	0.5	Social	23	0	-1	-1	3	0.01
1	4	0.5	Social	24	453	0.843267	0.337307	-1	0.01
1	4	0.5	Social	25	349	1	0.3	-1	0.01
1	4	0.5	Social	26	0	-1	-1	3	0.01
1	4	0.5	Social	27	235	0.987234	0.30383	-1	0.01
1	4	0.5	Social	28	363	1	0.3	-1	0.01
1	4	0.5	Social	29	303	1	0.3	-1	0.01
1	4	0.5	Social	30	0	-1	-1	2	0.01
1	4	0.5	Social	31	0	-1	-1	2	0.01
1	4	0.5	Social	32	0	-1	-1	-1	0.01
1	4	0.5	Social	33	0	-1	-1	-1	0.01
1	4	0.5	Social	34	0	-1	-1	2	0.01
1	4	0.5	Social	35	0	-1	-1	3	0.01
1	4	0.5	Social	36	0	-1	-1	2	0.01
1	4	0.5	Social	37	390	0.982051	0.342564	-1	0.01
1	4	0.5	Social	38	0	-1	-1	2	0.01
1	4	0.5	Social	39	0	-1	-1	3	0.01
1	4	0.5	Social	40	310	1	0.3	-1	0.01
1	4	0.5	Social	41	0	-1	-1	4	0.01
1	4	0.5	Social	42	425	0.988235	0.353882	-1	0.01
1	4	0.5	Social	43	0	-1	-1	3	0.01
1	4	0.5	Social	44	325	0.990769	0.297231	-1	0.01
1	4	0.5	Social	45	346	0.985549	0.339306	-1	0.01
1	4	0.5	Social	46	0	-1	-1	2	0.01
1	4	0.5	Social	47	0	-1	-1	1	0.01
1	4	0.5	Social	48	348	0.997126	0.299138	-1	0.01
1	4	0.5	Social	49	0	-1	-1	2	0.01
1	4	0.5	Social	50	0	-1	-1	2	0.01
1	4	0.5	Social	51	0	-1	-1	3	0.01
1	4	0.5	Social	52	283	0.989399	0.29682	-1	0.01
1	4	0.5	Social	53	0	-1	-1	3	0.01
1	4	0.5	Social	54	0	-1	-1	3	0.01
1	4	0.5	Social	55	326	0.990798	0.297239	-1	0.01
1	4	0.5	Social	56	0	-1	-1	2	0.01
1	4	0.5	Social	57	0	-1	-1	2	0.01
1	4	0.5	Social	58	349	1	0.3	-1	0.01
1	4	0.5	Social	59	0	-1	-1	2	0.01
1	4	0.5	Social	60	387	0.98708	0.342119	-1	0.01
1	4	0.5	Social	61	0	-1	-1	2	0.01
1	4	0.5	Social	62	0	-1	-1	2	0.01
1	4	0.5	Social	63	322	0.981366	0.29441	-1	0.01
1	4	0.5	Social	64	0	-1	-1	3	0.01
1	4	0.5	Social	65	102	1	0.2	-1	0.01
1	4	0.5	Social	66	0	-1	-1	2	0.01
1	4	0.5	Social	67	320	1	0.3	-1	0.01
1	4	0.5	Social	68	123	1	0.2	-1	0.01
1	4	0.5	Social	69	0	-1	-1	3	0.01
1	4	0.5	Social	70	352	0.994318	0.298295	-1	0.01
1	4	0.5	Social	71	341	0.997067	0.29912	-1	0.01
1	4	0.5	Social	72	310	1	0.319355	-1	0.01
1	4	0.5	Social	73	0	-1	-1	2	0.01
1	4	0.5	Social	74	0	-1	-1	-1	0.01
1	4	0.5	Social	75	357	1	0.3	-1	0.01
1	4	0.5	Social	76	379	0.992084	0.329288	-1	0.01
1	4	0.5	Social	77	385	1	0.356364	-1	0.01
1	4	0.5	Social	78	334	0.994012	0.298204	-1	0.01
1	4	0.5	Social	79	351	1	0.317949	-1	0.01
1	4	0.5	Social	80	391	0.984655	0.358056	-1	0.01
1	4	0.5	Social	81	304	0.993421	0.298026	-1	0.01
1	4	0.5	Social	82	0	-1	-1	3	0.01
1	4	0.5	Social	83	277	1	0.311191	-1	0.01
1	4	0.5	Social	84	393	0.979644	0.349364	-1	0.01
1	4	0.5	Social	85	342	0.994152	0.298246	-1	0.01
1	4	0.5	Social	86	347	0.997118	0.299135	-1	0.01
1	4	0.5	Social	87	0	-1	-1	2	0.01
1	4	0.5	Social	88	327	0.993884	0.298165	-1	0.01
1	4	0.5	Social	89	339	0.99705	0.325074	-1	0.01
1	4	0.5	Social	90	299	0.993311	0.297993	-1	0.01
1	4	0.5	Social	91	310	0.996774	0.299032	-1	0.01
1	4	0.5	Social	92	327	1	0.3	-1	0.01
1	4	0.5	Social	93	0	-1	-1	2	0.01
1	4	0.5	Social	94	0	-1	-1	3	0.01
1	4	0.5	Social	95	100	1	0.2	-1	0.01
1	4	0.5	Social	96	0	-1	-1	2	0.01
1	4	0.5	Social	97	307	0.996743	0.299023	-1	0.01
1	4	0.5	Social	98	0	-1	-1	2	0.01
1	4	0.5	Social	99	0	-1	-1	2	0.01
2	4	0.5	Social	0	0	-1	-1	37	0.01
2	4	0.5	Social	1	654	0.93578	0.280734	-1	0.01
2	4	0.5	Social	2	283	0.996466	0.199293	75	0.01
2	4	0.5	Social	3	346	1	0.221965	-1	0.01
2	4	0.5	Social	4	0	-1	-1	71	0.01
2	4	0.5	Social	5	0	-1	-1	96	0.01
2	4	0.5	Social	6	612	0.931373	0.279412	-1	0.01
2	4	0.5	Social	7	0	-1	-1	32	0.01
2	4	0.5	Social	8	527	0.857685	0.256926	74	0.01
2	4	0.5	Social	9	519	0.895954	0.268786	109	0.01
2	4	0.5	Social	10	0	-1	-1	52	0.01
2	4	0.5	Social	11	574	0.93554	0.281185	-1	0.01
2	4	0.5	Social	12	273	0.992674	0.198535	-1	0.01
2	4	0.5	Social	13	0	-1	-1	46	0.01
2	4	0.5	Social	14	394	0.949239	0.248731	-1	0.01
2	4	0.5	Social	15	597	0.927973	0.278392	-1	0.01
2	4	0.5	Social	16	0	-1	-1	84	0.01
2	4	0.5	Social	17	524	0.980916	0.273282	-1	0.01
2	4	0.5	Social	18	541	0.903882	0.270795	-1	0.01
2	4	0.5	Social	19	302	1	0.2	-1	0.01
2	4	0.5	Social	20	0	-1	-1	62	0.01
2	4	0.5	Social	21	566	0.971731	0.261131	48	0.01
2	4	0.5	Social	22	265	1	0.2	-1	0.01
2	4	0.5	Social	23	0	-1	-1	245	0.01
2	4	0.5	Social	24	545	0.878899	0.26367	-1	0.01
2	4	0.5	Social	25	633	0.949447	0.284676	-1	0.01
2	4	0.5	Social	26	471	0.95966	0.253503	-1	0.01
2	4	0.5	Social	27	439	0.986333	0.248292	-1	0.01
2	4	0.5	Social	28	556	0.944245	0.283273	-1	0.01
2	4	0.5	Social	29	694	0.975504	0.292651	-1	0.01
2	4	0.5	Social	30	0	-1	-1	132	0.01
2	4	0.5	Social	31	0	-1	-1	60	0.01
2	4	0.5	Social	32	0	-1	-1	89	0.01
2	4	0.5	Social	33	0	-1	-1	76	0.01
2	4	0.5	Social	34	494	0.995951	0.268016	20	0.01
2	4	0.5	Social	35	0	-1	-1	72	0.01
2	4	0.5	Social	36	531	0.888889	0.266667	-1	0.01
2	4	0.5	Social	37	395	0.962025	0.238987	-1	0.01
2	4	0.5	Social	38	565	0.934513	0.280354	-1	0.01
2	4	0.5	Social	39	626	0.932907	0.278594	-1	0.01
2	4	0.5	Social	40	599	0.936561	0.280968	-1	0.01
2	4	0.5	Social	41	0	-1	-1	40	0.01
2	4	0.5	Social	42	0	-1	-1	128	0.01
2	4	0.5	Social	43	661	0.959153	0.287746	-1	0.01
2	4	0.5	Social	44	562	0.930605	0.279181	-1	0.01
2	4	0.5	Social	45	582	0.92268	0.276804	-1	0.01
2	4	0.5	Social	46	319	1	0.2	-1	0.01
2	4	0.5	Social	47	0	-1	-1	99	0.01
2	4	0.5	Social	48	624	0.9375	0.28125	-1	0.01
2	4	0.5	Social	49	529	0.992439	0.254442	-1	0.01
2	4	0.5	Social	50	0	-1	-1	111	0.01
2	4	0.5	Social	51	593	0.974705	0.270152	82	0.01
2	4	0.5	Social	52	690	0.96087	0.288261	-1	0.01
2	4	0.5	Social	53	0	-1	-1	34	0.01
2	4	0.5	Social	54	321	0.996885	0.199377	-1	0.01
2	4	0.5	Social	55	290	1	0.2	-1	0.01
2	4	0.5	Social	56	552	0.907609	0.27192	5	0.01
2	4	0.5	Social	57	0	-1	-1	30	0.01
2	4	0.5	Social	58	493	0.997972	0.252535	-1	0.01
2	4	0.5	Social	59	619	0.912763	0.273829	-1	0.01
2	4	0.5	Social	60	518	0.992278	0.269884	-1	0.01
2	4	0.5	Social	61	0	-1	-1	48	0.01
2	4	0.5	Social	62	0	-1	-1	71	0.01
2	4	0.5	Social	63	504	0.998016	0.251984	-1	0.01
2	4	0.5	Social	64	495	0.977778	0.258182	-1	0.01
2	4	0.5	Social	65	495	0.993939	0.274747	-1	0.01
2	4	0.5	Social	66	578	0.903114	0.270934	-1	0.01
2	4	0.5	Social	67	415	0.983133	0.23759	13	0.01
2	4	0.5	Social	68	690	0.949275	0.284783	-1	0.01
2	4	0.5	Social	69	641	0.99064	0.294228	-1	0.01
2	4	0.5	Social	70	535	0.988785	0.262804	-1	0.01
2	4	0.5	Social	71	478	0.991632	0.248117	-1	0.01
2	4	0.5	Social	72	0	-1	-1	71	0.01
2	4	0.5	Social	73	0	-1	-1	158	0.01
2	4	0.5	Social	74	678	0.929204	0.278761	-1	0.01
2	4	0.5	Social	75	571	0.921191	0.283363	-1	0.01
2	4	0.5	Social	76	394	0.997462	0.235025	-1	0.01
2	4	0.5	Social	77	473	0.983087	0.263002	-1	0.01
2	4	0.5	Social	78	70	0.971429	0.0971429	-1	0.01
2	4	0.5	Social	79	558	0.991039	0.260215	-1	0.01
2	4	0.5	Social	80	417	0.997602	0.239808	-1	0.01
2	4	0.5	Social	81	633	0.987362	0.273144	-1	0.01
2	4	0.5	Social	82	0	-1	-1	87	0.01
2	4	0.5	Social	83	0	-1	-1	29	0.01
2	4	0.5	Social	84	607	0.937397	0.281219	-1	0.01
2	4	0.5	Social	85	0	-1	-1	247	0.01
2	4	0.5	Social	86	622	0.966238	0.284566	-1	0.01
2	4	0.5	Social	87	664	0.938253	0.281476	-1	0.01
2	4	0.5	Social	88	546	0.937729	0.274908	-1	0.01
2	4	0.5	Social	89	288	0.996528	0.199306	-1	0.01
2	4	0.5	Social	90	0	-1	-1	27	0.01
2	4	0.5	Social	91	0	-1	-1	50	0.01
2	4	0.5	Social	92	519	0.911368	0.267823	40	0.01
2	4	0.5	Social	93	0	-1	-1	11	0.01
2	4	0.5	Social	94	476	0.989496	0.25042	-1	0.01
2	4	0.5	Social	95	631	0.901743	0.270523	24	0.01
2	4	0.5	Social	96	0	-1	-1	42	0.01
2	4	0.5	Social	97	643	0.959565	0.287869	1	0.01
2	4	0.5	Social	98	618	0.938511	0.281553	-1	0.01
2	4	0.5	Social	99	258	0.984496	0.196899	-1	0.01
3	4	0.5	Social	0	436	0.986239	0.197248	-1	0.01
3	4	0.5	Social	1	601	0.998336	0.223295	56	0.01
3	4	0.5	Social	2	622	0.918006	0.235209	-1	0.01
3	4	0.5	Social	3	465	0.997849	0.19957	24	0.01
3	4	0.5	Social	4	432	0.99537	0.199074	-1	0.01
3	4	0.5	Social	5	475	0.995789	0.199158	-1	0.01
3	4	0.5	Social	6	693	0.858586	0.243867	-1	0.01
3	4	0.5	Social	7	385	0.987013	0.227532	-1	0.01
3	4	0.5	Social	8	537	0.944134	0.23743	-1	0.01
3	4	0.5	Social	9	507	0.980276	0.196055	-1	0.01
3	4	0.5	Social	10	547	0.989031	0.21298	-1	0.01
3	4	0.5	Social	11	449	0.993318	0.198664	-1	0.01
3	4	0.5	Social	12	504	0.990079	0.212698	71	0.01
3	4	0.5	Social	13	601	0.991681	0.233611	-1	0.01
3	4	0.5	Social	14	489	1	0.2	-1	0.01
3	4	0.5	Social	15	450	0.98	0.196	-1	0.01
3	4	0.5	Social	16	476	1	0.2	-1	0.01
3	4	0.5	Social	17	614	0.988599	0.230782	29	0.01
3	4	0.5	Social	18	616	0.987013	0.225649	42	0.01
3	4	0.5	Social	19	623	0.977528	0.234189	-1	0.01
3	4	0.5	Social	20	481	0.991684	0.198337	4	0.01
3	4	0.5	Social	21	466	0.997854	0.199571	-1	0.01
3	4	0.5	Social	22	420	0.985714	0.197143	-1	0.01
3	4	0.5	Social	23	499	0.985972	0.213427	-1	0.01
3	4	0.5	Social	24	449	0.988864	0.197773	13	0.01
3	4	0.5	Social	25	405	0.980247	0.196049	-1	0.01
3	4	0.5	Social	26	427	0.981265	0.196253	-1	0.01
3	4	0.5	Social	27	424	0.971698	0.19434	-1	0.01
3	4	0.5	Social	28	501	0.998004	0.199601	-1	0.01
3	4	0.5	Social	29	434	1	0.2	-1	0.01
3	4	0.5	Social	30	546	0.989011	0.222711	78	0.01
3	4	0.5	Social	31	712	0.844101	0.247051	35	0.01
3	4	0.5	Social	32	455	0.989011	0.197802	-1	0.01
3	4	0.5	Social	33	425	0.983529	0.196706	-1	0.01
3	4	0.5	Social	34	528	0.958333	0.214962	64	0.01
3	4	0.5	Social	35	585	0.994872	0.231111	-1	0.01
3	4	0.5	Social	36	512	0.982422	0.229883	-1	0.01
3	4	0.5	Social	37	646	0.886997	0.237926	-1	0.01
3	4	0.5	Social	38	444	0.984234	0.196847	-1	0.01
3	4	0.5	Social	39	424	0.964623	0.192925	-1	0.01
3	4	0.5	Social	40	444	1	0.2	-1	0.01
3	4	0.5	Social	41	657	0.834094	0.248402	2	0.01
3	4	0.5	Social	42	416	0.992788	0.198558	-1	0.01
3	4	0.5	Social	43	632	0.998418	0.224209	-1	0.01
3	4	0.5	Social	44	457	0.995624	0.199125	-1	0.01
3	4	0.5	Social	45	430	0.993023	0.198605	-1	0.01
3	4	0.5	Social	46	736	0.838315	0.251495	8	0.01
3	4	0.5	Social	47	463	0.991361	0.215767	11	0.01
3	4	0.5	Social	48	392	0.966837	0.193367	11	0.01
3	4	0.5	Social	49	426	0.99061	0.198122	11	0.01
3	4	0.5	Social	50	510	0.978431	0.21	99	0.01
3	4	0.5	Social	51	637	0.990581	0.240345	-1	0.01
3	4	0.5	Social	52	481	0.989605	0.197921	18	0.01
3	4	0.5	Social	53	617	0.983793	0.233874	-1	0.01
3	4	0.5	Social	54	588	0.972789	0.228571	-1	0.01
3	4	0.5	Social	55	455	0.995604	0.199121	17	0.01
3	4	0.5	Social	56	712	0.94382	0.239888	-1	0.01
3	4	0.5	Social	57	637	0.784929	0.237677	-1	0.01
3	4	0.5	Social	58	439	0.993166	0.198633	-1	0.01
3	4	0.5	Social	59	449	0.997773	0.199555	-1	0.01
3	4	0.5	Social	60	492	0.989837	0.212805	-1	0.01
3	4	0.5	Social	61	628	0.824841	0.234076	-1	0.01
3	4	0.5	Social	62	738	0.817073	0.245257	1	0.01
3	4	0.5	Social	63	452	0.995575	0.199115	-1	0.01
3	4	0.5	Social	64	414	0.985507	0.197101	-1	0.01
3	4	0.5	Social	65	442	0.997738	0.199548	-1	0.01
3	4	0.5	Social	66	560	0.973214	0.226607	192	0.01
3	4	0.5	Social	67	403	0.977667	0.195533	-1	0.01
3	4	0.5	Social	68	458	0.930131	0.223144	-1	0.01
3	4	0.5	Social	69	615	0.952846	0.241626	-1	0.01
3	4	0.5	Social	70	619	0.933764	0.230856	8	0.01
3	4	0.5	Social	71	421	0.988124	0.197625	-1	0.01
3	4	0.5	Social	72	661	0.93646	0.23646	50	0.01
3	4	0.5	Social	73	434	1	0.2	7	0.01
3	4	0.5	Social	74	603	0.988391	0.234163	56	0.01
3	4	0.5	Social	75	444	0.995495	0.199099	-1	0.01
3	4	0.5	Social	76	622	0.977492	0.243891	-1	0.01
3	4	0.5	Social	77	520	0.923077	0.215769	-1	0.01
3	4	0.5	Social	78	578	0.920415	0.234775	-1	0.01
3	4	0.5	Social	79	442	0.995475	0.199095	-1	0.01
3	4	0.5	Social	80	480	1	0.2	-1	0.01
3	4	0.5	Social	81	452	0.99115	0.19823	-1	0.01
3	4	0.5	Social	82	440	0.995455	0.199091	81	0.01
3	4	0.5	Social	83	477	1	0.2	-1	0.01
3	4	0.5	Social	84	652	0.941718	0.234969	-1	0.01
3	4	0.5	Social	85	611	0.97545	0.232242	-1	0.01
3	4	0.5	Social	86	456	0.993421	0.198684	-1	0.01
3	4	0.5	Social	87	622	0.826367	0.24791	-1	0.01
3	4	0.5	Social	88	647	0.789799	0.240185	72	0.01
3	4	0.5	Social	89	647	0.911901	0.226275	-1	0.01
3	4	0.5	Social	90	429	0.997669	0.199534	-1	0.01
3	4	0.5	Social	91	468	1	0.2	57	0.01
3	4	0.5	Social	92	442	0.997738	0.199548	-1	0.01
3	4	0.5	Social	93	482	0.995851	0.19917	-1	0.01
3	4	0.5	Social	94	512	0.994141	0.198828	-1	0.01
3	4	0.5	Social	95	454	1	0.2	20	0.01
3	4	0.5	Social	96	429	0.981352	0.19627	-1	0.01
3	4	0.5	Social	97	420	0.969048	0.19381	29	0.01
3	4	0.5	Social	98	583	0.984563	0.223499	31	0.01
3	4	0.5	Social	99	441	0.988662	0.198866	-1	0.01
4	4	0.5	Social	0	636	0.965409	0.209119	4	0.01
4	4	0.5	Social	1	811	0.951911	0.233539	-1	0.01
4	4	0.5	Social	2	638	0.996865	0.199373	-1	0.01
4	4	0.5	Social	3	645	0.970543	0.194109	-1	0.01
4	4	0.5	Social	4	570	0.978947	0.195789	-1	0.01
4	4	0.5	Social	5	633	0.979463	0.195893	-1	0.01
4	4	0.5	Social	6	589	0.988115	0.197623	-1	0.01
4	4	0.5	Social	7	537	0.815642	0.203352	-1	0.01
4	4	0.5	Social	8	617	0.983793	0.196759	-1	0.01
4	4	0.5	Social	9	635	0.992126	0.198425	-1	0.01
4	4	0.5	Social	10	660	0.993939	0.198788	53	0.01
4	4	0.5	Social	11	596	0.968121	0.193456	-1	0.01
4	4	0.5	Social	12	620	0.985484	0.197097	28	0.01
4	4	0.5	Social	13	608	0.993421	0.199671	7	0.01
4	4	0.5	Social	14	673	0.989599	0.212036	-1	0.01
4	4	0.5	Social	15	602	0.973422	0.194684	-1	0.01
4	4	0.5	Social	16	726	0.809917	0.213223	-1	0.01
4	4	0.5	Social	17	601	0.990017	0.198003	65	0.01
4	4	0.5	Social	18	615	0.996748	0.19935	35	0.01
4	4	0.5	Social	19	531	0.915254	0.183051	-1	0.01
4	4	0.5	Social	20	260	1	0.1	-1	0.01
4	4	0.5	Social	21	573	0.958115	0.191623	26	0.01
4	4	0.5	Social	22	562	0.987544	0.197509	-1	0.01
4	4	0.5	Social	23	617	0.991896	0.198379	-1	0.01
4	4	0.5	Social	24	669	0.958146	0.205531	-1	0.01
4	4	0.5	Social	25	590	0.984746	0.196949	-1	0.01
4	4	0.5	Social	26	595	0.988235	0.197647	-1	0.01
4	4	0.5	Social	27	617	0.995138	0.199028	-1	0.01
4	4	0.5	Social	28	646	0.993808	0.198762	-1	0.01
4	4	0.5	Social	29	659	0.946889	0.213961	11	0.01
4	4	0.5	Social	30	616	0.969156	0.195779	-1	0.01
4	4	0.5	Social	31	585	0.984615	0.196923	-1	0.01
4	4	0.5	Social	32	621	0.993559	0.198712	-1	0.01
4	4	0.5	Social	33	581	0.969019	0.193804	-1	0.01
4	4	0.5	Social	34	587	0.965928	0.215162	-1	0.01
4	4	0.5	Social	35	651	0.984639	0.196928	-1	0.01
4	4	0.5	Social	36	538	0.951673	0.190335	-1	0.01
4	4	0.5	Social	37	594	0.984848	0.19697	-1	0.01
4	4	0.5	Social	38	641	0.99532	0.199064	-1	0.01
4	4	0.5	Social	39	571	0.978984	0.195797	16	0.01
4	4	0.5	Social	40	571	0.970228	0.194046	36	0.01
4	4	0.5	Social	41	627	0.990431	0.198086	-1	0.01
4	4	0.5	Social	42	551	0.976407	0.195281	-1	0.01
4	4	0.5	Social	43	593	0.979764	0.195953	-1	0.01
4	4	0.5	Social	44	470	0.946809	0.17383	-1	0.01
4	4	0.5	Social	45	567	0.94709	0.189418	-1	0.01
4	4	0.5	Social	46	579	0.972366	0.194473	-1	0.01
4	4	0.5	Social	47	612	0.986928	0.198366	-1	0.01
4	4	0.5	Social	48	578	0.989619	0.197924	-1	0.01
4	4	0.5	Social	49	590	0.989831	0.197966	-1	0.01
4	4	0.5	Social	50	551	0.954628	0.190926	-1	0.01
4	4	0.5	Social	51	556	0.940647	0.188129	-1	0.01
4	4	0.5	Social	52	616	0.993506	0.198701	-1	0.01
4	4	0.5	Social	53	600	0.975	0.195	13	0.01
4	4	0.5	Social	54	626	0.990415	0.198083	-1	0.01
4	4	0.5	Social	55	590	0.983051	0.19661	26	0.01
4	4	0.5	Social	56	580	0.993103	0.198621	31	0.01
4	4	0.5	Social	57	656	1	0.2	-1	0.01
4	4	0.5	Social	58	601	0.990017	0.198003	18	0.01
4	4	0.5	Social	59	591	0.962775	0.192555	-1	0.01
4	4	0.5	Social	60	859	0.976717	0.22922	-1	0.01
4	4	0.5	Social	61	572	0.979021	0.195804	-1	0.01
4	4	0.5	Social	62	588	0.969388	0.193878	-1	0.01
4	4	0.5	Social	63	571	0.984238	0.196848	-1	0.01
4	4	0.5	Social	64	592	0.983108	0.196622	-1	0.01
4	4	0.5	Social	65	594	0.964646	0.192929	45	0.01
4	4	0.5	Social	66	557	0.953321	0.190664	-1	0.01
4	4	0.5	Social	67	643	0.965785	0.193157	-1	0.01
4	4	0.5	Social	68	578	0.977509	0.195502	15	0.01
4	4	0.5	Social	69	616	0.980519	0.196104	7	0.01
4	4	0.5	Social	70	588	0.967687	0.192347	-1	0.01
4	4	0.5	Social	71	266	0.988722	0.0988722	-1	0.01
4	4	0.5	Social	72	649	0.993837	0.198767	-1	0.01
4	4	0.5	Social	73	547	0.985375	0.18702	16	0.01
4	4	0.5	Social	74	571	0.971979	0.194396	-1	0.01
4	4	0.5	Social	75	623	0.983949	0.197111	-1	0.01
4	4	0.5	Social	76	646	0.981424	0.196285	-1	0.01
4	4	0.5	Social	77	567	0.964727	0.192945	-1	0.01
4	4	0.5	Social	78	644	0.984472	0.196894	-1	0.01
4	4	0.5	Social	79	596	0.979866	0.195973	-1	0.01
4	4	0.5	Social	80	572	0.966783	0.193357	-1	0.01
4	4	0.5	Social	81	594	0.991582	0.198316	-1	0.01
4	4	0.5	Social	82	599	0.986644	0.197329	-1	0.01
4	4	0.5	Social	83	600	0.983333	0.196667	-1	0.01
4	4	0.5	Social	84	587	0.916525	0.183305	-1	0.01
4	4	0.5	Social	85	600	0.971667	0.194333	-1	0.01
4	4	0.5	Social	86	562	0.959075	0.191815	-1	0.01
4	4	0.5	Social	87	738	0.96748	0.217615	-1	0.01
4	4	0.5	Social	88	590	0.976271	0.195254	-1	0.01
4	4	0.5	Social	89	557	0.944345	0.188869	-1	0.01
4	4	0.5	Social	90	633	0.99684	0.199368	-1	0.01
4	4	0.5	Social	91	549	0.967213	0.193443	-1	0.01
4	4	0.5	Social	92	590	0.981356	0.196271	13	0.01
4	4	0.5	Social	93	611	0.978723	0.195745	31	0.01
4	4	0.5	Social	94	745	0.974497	0.222282	32	0.01
4	4	0.5	Social	95	559	0.973166	0.194633	-1	0.01
4	4	0.5	Social	96	551	0.970962	0.194192	-1	0.01
4	4	0.5	Social	97	544	0.983456	0.196691	-1	0.01
4	4	0.5	Social	98	608	0.972039	0.194408	32	0.01
4	4	0.5	Social	99	575	0.991304	0.198261	-1	0.01
5	4	0.5	Social	0	646	0.914861	0.183901	13	0.01
5	4	0.5	Social	1	696	0.928161	0.185632	-1	0.01
5	4	0.5	Social	2	707	0.957567	0.191513	-1	0.01
5	4	0.5	Social	3	650	0.94	0.189077	-1	0.01
5	4	0.5	Social	4	714	0.957983	0.191597	-1	0.01
5	4	0.5	Social	5	766	0.967363	0.193473	-1	0.01
5	4	0.5	Social	6	684	0.947368	0.189474	-1	0.01
5	4	0.5	Social	7	758	0.956464	0.191293	21	0.01
5	4	0.5	Social	8	771	0.968872	0.194553	-1	0.01
5	4	0.5	Social	9	647	0.913447	0.182689	21	0.01
5	4	0.5	Social	10	652	0.947853	0.189417	-1	0.01
5	4	0.5	Social	11	666	0.927928	0.185586	-1	0.01
5	4	0.5	Social	12	705	0.943262	0.188652	-1	0.01
5	4	0.5	Social	13	520	0.955769	0.165385	-1	0.01
5	4	0.5	Social	14	668	0.947605	0.189521	33	0.01
5	4	0.5	Social	15	662	0.912387	0.182477	67	0.01
5	4	0.5	Social	16	674	0.924332	0.184866	-1	0.01
5	4	0.5	Social	17	676	0.964497	0.191716	-1	0.01
5	4	0.5	Social	18	657	0.954338	0.190868	-1	0.01
5	4	0.5	Social	19	785	0.961783	0.192357	8	0.01
5	4	0.5	Social	20	738	0.944444	0.188889	-1	0.01
5	4	0.5	Social	21	764	0.905759	0.201571	-1	0.01
5	4	0.5	Social	22	720	0.977778	0.195556	-1	0.01
5	4	0.5	Social	23	620	0.935484	0.178387	39	0.01
5	4	0.5	Social	24	708	0.920904	0.19209	-1	0.01
5	4	0.5	Social	25	576	0.975694	0.166319	-1	0.01
5	4	0.5	Social	26	764	0.951571	0.190314	-1	0.01
5	4	0.5	Social	27	723	0.951591	0.190318	65	0.01
5	4	0.5	Social	28	756	0.994709	0.204497	-1	0.01
5	4	0.5	Social	29	692	0.963873	0.193208	-1	0.01
5	4	0.5	Social	30	760	0.972368	0.194474	-1	0.01
5	4	0.5	Social	31	717	0.953975	0.191074	-1	0.01
5	4	0.5	Social	32	751	0.970706	0.194141	-1	0.01
5	4	0.5	Social	33	710	0.812676	0.188873	70	0.01
5	4	0.5	Social	34	615	0.905691	0.181138	-1	0.01
5	4	0.5	Social	35	777	0.985843	0.197169	-1	0.01
5	4	0.5	Social	36	716	0.963687	0.192737	19	0.01
5	4	0.5	Social	37	786	0.984733	0.196947	-1	0.01
5	4	0.5	Social	38	685	0.964964	0.192993	-1	0.01
5	4	0.5	Social	39	686	0.934402	0.188047	-1	0.01
5	4	0.5	Social	40	651	0.961598	0.198003	-1	0.01
5	4	0.5	Social	41	724	0.96547	0.193094	15	0.01
5	4	0.5	Social	42	680	0.922059	0.184412	-1	0.01
5	4	0.5	Social	43	711	0.905767	0.195781	-1	0.01
5	4	0.5	Social	44	749	0.93725	0.192523	71	0.01
5	4	0.5	Social	45	788	0.975888	0.195178	-1	0.01
5	4	0.5	Social	46	759	0.949934	0.195916	-1	0.01
5	4	0.5	Social	47	621	0.930757	0.186151	-1	0.01
5	4	0.5	Social	48	740	0.986486	0.197297	-1	0.01
5	4	0.5	Social	49	726	0.960055	0.192011	-1	0.01
5	4	0.5	Social	50	743	0.963661	0.192732	74	0.01
5	4	0.5	Social	51	728	0.987637	0.19794	24	0.01
5	4	0.5	Social	52	350	0.991429	0.0991429	-1	0.01
5	4	0.5	Social	53	742	0.940701	0.188005	20	0.01
5	4	0.5	Social	54	655	0.914504	0.182901	16	0.01
5	4	0.5	Social	55	656	0.870427	0.174848	12	0.01
5	4	0.5	Social	56	610	0.906557	0.181311	-1	0.01
5	4	0.5	Social	57	649	0.910632	0.19584	36	0.01
5	4	0.5	Social	58	726	0.893939	0.19022	58	0.01
5	4	0.5	Social	59	701	0.984308	0.196862	4	0.01
5	4	0.5	Social	60	713	0.925666	0.185133	61	0.01
5	4	0.5	Social	61	778	0.984576	0.196915	-1	0.01
5	4	0.5	Social	62	702	0.940171	0.188034	13	0.01
5	4	0.5	Social	63	714	0.945378	0.189076	46	0.01
5	4	0.5	Social	64	754	0.974801	0.194562	43	0.01
5	4	0.5	Social	65	673	0.910847	0.182169	-1	0.01
5	4	0.5	Social	66	784	0.985969	0.197194	-1	0.01
5	4	0.5	Social	67	721	0.965326	0.193065	48	0.01
5	4	0.5	Social	68	671	0.918033	0.183607	-1	0.01
5	4	0.5	Social	69	723	0.982019	0.196404	-1	0.01
5	4	0.5	Social	70	652	0.946319	0.189264	24	0.01
5	4	0.5	Social	71	683	0.948755	0.189751	-1	0.01
5	4	0.5	Social	72	713	0.957924	0.191585	-1	0.01
5	4	0.5	Social	73	669	0.967115	0.185351	16	0.01
5	4	0.5	Social	74	674	0.921365	0.184273	-1	0.01
5	4	0.5	Social	75	585	0.981197	0.168376	6	0.01
5	4	0.5	Social	76	609	0.8867	0.17734	26	0.01
5	4	0.5	Social	77	669	0.932735	0.186547	-1	0.01
5	4	0.5	Social	78	653	0.932619	0.186524	8	0.01
5	4	0.5	Social	79	674	0.925816	0.185163	-1	0.01
5	4	0.5	Social	80	764	0.985602	0.19712	5	0.01
5	4	0.5	Social	81	751	0.968043	0.193609	21	0.01
5	4	0.5	Social	82	828	0.842995	0.204106	-1	0.01
5	4	0.5	Social	83	730	0.968493	0.193699	-1	0.01
5	4	0.5	Social	84	650	0.912308	0.191846	-1	0.01
5	4	0.5	Social	85	707	0.960396	0.192079	-1	0.01
5	4	0.5	Social	86	578	0.925606	0.185986	-1	0.01
5	4	0.5	Social	87	736	0.96875	0.19375	-1	0.01
5	4	0.5	Social	88	708	0.944915	0.188983	-1	0.01
5	4	0.5	Social	89	645	0.968992	0.177829	-1	0.01
5	4	0.5	Social	90	700	0.928571	0.185714	-1	0.01
5	4	0.5	Social	91	706	0.971671	0.194334	-1	0.01
5	4	0.5	Social	92	646	0.917957	0.184056	-1	0.01
5	4	0.5	Social	93	607	0.874794	0.174959	-1	0.01
5	4	0.5	Social	94	695	0.945324	0.189065	-1	0.01
5	4	0.5	Social	95	735	0.980952	0.19619	-1	0.01
5	4	0.5	Social	96	724	0.907459	0.19047	-1	0.01
5	4	0.5	Social	97	777	0.981982	0.196396	-1	0.01
5	4	0.5	Social	98	521	0.957774	0.160653	-1	0.01
5	4	0.5	Social	99	770	0.996104	0.199221	-1	0.01
6	4	0.5	Social	0	688	0.975291	0.167442	-1	0.01
6	4	0.5	Social	1	853	0.953107	0.190621	-1	0.01
6	4	0.5	Social	2	691	0.84081	0.168162	-1	0.01
6	4	0.5	Social	3	774	0.923773	0.184755	-1	0.01
6	4	0.5	Social	4	642	0.936137	0.163707	35	0.01
6	4	0.5	Social	5	661	0.965204	0.16823	-1	0.01
6	4	0.5	Social	6	800	0.87625	0.17525	51	0.01
6	4	0.5	Social	7	857	0.941657	0.188331	20	0.01
6	4	0.5	Social	8	646	0.930341	0.158669	-1	0.01
6	4	0.5	Social	9	693	0.991342	0.172439	-1	0.01
6	4	0.5	Social	10	824	0.956311	0.191262	12	0.01
6	4	0.5	Social	11	684	0.97076	0.159357	-1	0.01
6	4	0.5	Social	12	781	0.902689	0.182586	-1	0.01
6	4	0.5	Social	13	812	0.901478	0.182266	-1	0.01
6	4	0.5	Social	14	676	0.988166	0.166272	-1	0.01
6	4	0.5	Social	15	806	0.944169	0.179777	-1	0.01
6	4	0.5	Social	16	876	0.932648	0.188014	31	0.01
6	4	0.5	Social	17	764	0.841623	0.168325	-1	0.01
6	4	0.5	Social	18	793	0.887768	0.177554	18	0.01
6	4	0.5	Social	19	818	0.900978	0.180196	12	0.01
6	4	0.5	Social	20	792	0.984848	0.17399	-1	0.01
6	4	0.5	Social	21	549	0.943534	0.156102	-1	0.01
6	4	0.5	Social	22	748	0.907754	0.170856	-1	0.01
6	4	0.5	Social	23	798	0.878446	0.175689	7	0.01
6	4	0.5	Social	24	789	0.888466	0.177693	-1	0.01
6	4	0.5	Social	25	773	0.917206	0.183441	-1	0.01
6	4	0.5	Social	26	782	0.948849	0.18977	-1	0.01
6	4	0.5	Social	27	753	0.940239	0.188048	-1	0.01
6	4	0.5	Social	28	801	0.878901	0.17578	-1	0.01
6	4	0.5	Social	29	676	0.945266	0.164645	-1	0.01
6	4	0.5	Social	30	742	0.820755	0.164151	-1	0.01
6	4	0.5	Social	31	830	0.992771	0.183614	-1	0.01
6	4	0.5	Social	32	778	0.90617	0.181491	-1	0.01
6	4	0.5	Social	33	817	0.893513	0.178703	-1	0.01
6	4	0.5	Social	34	768	0.86849	0.173698	59	0.01
6	4	0.5	Social	35	682	0.970674	0.168622	-1	0.01
6	4	0.5	Social	36	833	0.957983	0.191597	-1	0.01
6	4	0.5	Social	37	883	0.947905	0.187882	-1	0.01
6	4	0.5	Social	38	769	0.897269	0.179454	-1	0.01
6	4	0.5	Social	39	787	0.8831	0.177128	-1	0.01
6	4	0.5	Social	40	642	0.987539	0.164486	-1	0.01
6	4	0.5	Social	41	706	0.834278	0.166856	-1	0.01
6	4	0.5	Social	42	806	0.908189	0.182134	-1	0.01
6	4	0.5	Social	43	679	0.87187	0.174374	10	0.01
6	4	0.5	Social	44	914	0.943107	0.188621	18	0.01
6	4	0.5	Social	45	808	0.897277	0.179455	-1	0.01
6	4	0.5	Social	46	803	0.92279	0.184558	8	0.01
6	4	0.5	Social	47	641	0.976599	0.158034	-1	0.01
6	4	0.5	Social	48	949	0.986301	0.19726	9	0.01
6	4	0.5	Social	49	776	0.949742	0.177964	-1	0.01
6	4	0.5	Social	50	669	0.747384	0.163677	-1	0.01
6	4	0.5	Social	51	782	0.858056	0.171611	-1	0.01
6	4	0.5	Social	52	737	0.880597	0.175984	-1	0.01
6	4	0.5	Social	53	586	0.998294	0.149488	-1	0.01
6	4	0.5	Social	54	673	0.835067	0.168053	-1	0.01
6	4	0.5	Social	55	826	0.927361	0.189104	-1	0.01
6	4	0.5	Social	56	614	0.985342	0.161075	-1	0.01
6	4	0.5	Social	57	878	0.955581	0.191116	45	0.01
6	4	0.5	Social	58	775	0.962581	0.182968	-1	0.01
6	4	0.5	Social	59	807	0.942999	0.181537	29	0.01
6	4	0.5	Social	60	892	0.926009	0.185538	-1	0.01
6	4	0.5	Social	61	712	0.855337	0.171067	-1	0.01
6	4	0.5	Social	62	820	0.902439	0.180488	-1	0.01
6	4	0.5	Social	63	706	0.933428	0.173229	-1	0.01
6	4	0.5	Social	64	825	0.927273	0.186182	-1	0.01
6	4	0.5	Social	65	856	0.934579	0.197897	-1	0.01
6	4	0.5	Social	66	898	0.955457	0.191091	-1	0.01
6	4	0.5	Social	67	901	0.954495	0.190899	-1	0.01
6	4	0.5	Social	68	754	0.8687	0.167109	-1	0.01
6	4	0.5	Social	69	668	0.982036	0.163174	-1	0.01
6	4	0.5	Social	70	718	0.923398	0.169499	-1	0.01
6	4	0.5	Social	71	705	0.992908	0.187801	-1	0.01
6	4	0.5	Social	72	719	0.899861	0.181363	17	0.01
6	4	0.5	Social	73	652	0.846626	0.169632	-1	0.01
6	4	0.5	Social	74	725	0.971034	0.174621	-1	0.01
6	4	0.5	Social	75	761	0.9159	0.18318	6	0.01
6	4	0.5	Social	76	855	0.920468	0.184211	-1	0.01
6	4	0.5	Social	77	849	0.912839	0.182568	-1	0.01
6	4	0.5	Social	78	820	0.931707	0.184268	-1	0.01
6	4	0.5	Social	79	839	0.917759	0.183552	-1	0.01
6	4	0.5	Social	80	725	0.845517	0.169103	30	0.01
6	4	0.5	Social	81	752	0.908245	0.181649	-1	0.01
6	4	0.5	Social	82	782	0.891304	0.177877	-1	0.01
6	4	0.5	Social	83	752	0.880319	0.175133	-1	0.01
6	4	0.5	Social	84	669	0.958146	0.167265	-1	0.01
6	4	0.5	Social	85	604	0.844371	0.162252	-1	0.01
6	4	0.5	Social	86	713	0.852735	0.170547	-1	0.01
6	4	0.5	Social	87	916	0.953057	0.190611	-1	0.01
6	4	0.5	Social	88	759	0.849802	0.172991	-1	0.01
6	4	0.5	Social	89	890	0.917978	0.189213	46	0.01
6	4	0.5	Social	90	877	0.95667	0.191334	-1	0.01
6	4	0.5	Social	91	774	0.937984	0.177519	-1	0.01
6	4	0.5	Social	92	745	0.884564	0.176913	-1	0.01
6	4	0.5	Social	93	777	0.849421	0.1713	-1	0.01
6	4	0.5	Social	94	719	0.894298	0.180389	-1	0.01
6	4	0.5	Social	95	891	0.969697	0.193939	7	0.01
6	4	0.5	Social	96	833	0.907563	0.181993	-1	0.01
6	4	0.5	Social	97	783	0.886335	0.178033	-1	0.01
6	4	0.5	Social	98	870	0.945977	0.189195	21	0.01
6	4	0.5	Social	99	735	0.853061	0.176054	12	0.01
7	4	0.5	Social	0	749	0.949266	0.16008	-1	0.01
7	4	0.5	Social	1	665	0.756391	0.15203	-1	0.01
7	4	0.5	Social	2	751	0.818908	0.169374	-1	0.01
7	4	0.5	Social	3	806	0.807692	0.162531	-1	0.01
7	4	0.5	Social	4	814	0.846437	0.171253	-1	0.01
7	4	0.5	Social	5	795	0.979874	0.162264	-1	0.01
7	4	0.5	Social	6	678	0.930678	0.143805	-1	0.01
7	4	0.5	Social	7	775	0.84	0.167871	44	0.01
7	4	0.5	Social	8	487	1	0.1	-1	0.01
7	4	0.5	Social	9	512	0.976562	0.0976563	-1	0.01
7	4	0.5	Social	10	761	0.797635	0.160315	-1	0.01
7	4	0.5	Social	11	781	0.819462	0.163892	-1	0.01
7	4	0.5	Social	12	799	0.964956	0.161702	22	0.01
7	4	0.5	Social	13	801	0.831461	0.168914	-1	0.01
7	4	0.5	Social	14	747	0.978581	0.157296	-1	0.01
7	4	0.5	Social	15	660	0.709091	0.142273	-1	0.01
7	4	0.5	Social	16	482	0.991701	0.0991701	-1	0.01
7	4	0.5	Social	17	932	0.921674	0.184335	4	0.01
7	4	0.5	Social	18	907	0.885336	0.176957	43	0.01
7	4	0.5	Social	19	832	0.947115	0.173317	-1	0.01
7	4	0.5	Social	20	770	0.816883	0.163636	38	0.01
7	4	0.5	Social	21	793	0.84111	0.168222	38	0.01
7	4	0.5	Social	22	482	0.983402	0.0983402	-1	0.01
7	4	0.5	Social	23	803	0.824408	0.164882	-1	0.01
7	4	0.5	Social	24	712	0.810393	0.152949	-1	0.01
7	4	0.5	Social	25	477	0.976939	0.0976939	-1	0.01
7	4	0.5	Social	26	780	0.948718	0.16	20	0.01
7	4	0.5	Social	27	874	0.869565	0.175057	-1	0.01
7	4	0.5	Social	28	863	0.841251	0.16825	-1	0.01
7	4	0.5	Social	29	665	0.912782	0.138496	-1	0.01
7	4	0.5	Social	30	955	0.884817	0.176963	-1	0.01
7	4	0.5	Social	31	764	0.828534	0.166754	-1	0.01
7	4	0.5	Social	32	823	0.852977	0.172539	-1	0.01
7	4	0.5	Social	33	819	0.852259	0.171429	-1	0.01
7	4	0.5	Social	34	731	0.984952	0.1487	-1	0.01
7	4	0.5	Social	35	477	0.985325	0.0985325	15	0.01
7	4	0.5	Social	36	854	0.867681	0.17096	43	0.01
7	4	0.5	Social	37	755	0.821192	0.164768	-1	0.01
7	4	0.5	Social	38	657	0.73516	0.147641	-1	0.01
7	4	0.5	Social	39	791	0.817952	0.16359	57	0.01
7	4	0.5	Social	40	856	0.851636	0.170911	8	0.01
7	4	0.5	Social	41	790	0.81519	0.163038	-1	0.01
7	4	0.5	Social	42	805	0.906832	0.164348	-1	0.01
7	4	0.5	Social	43	735	0.934694	0.156054	-1	0.01
7	4	0.5	Social	44	779	0.794608	0.158922	-1	0.01
7	4	0.5	Social	45	774	0.828165	0.165633	23	0.01
7	4	0.5	Social	46	781	0.755442	0.151088	18	0.01
7	4	0.5	Social	47	810	0.796296	0.159259	-1	0.01
7	4	0.5	Social	48	632	0.890823	0.133703	-1	0.01
7	4	0.5	Social	49	656	0.967988	0.133994	-1	0.01
7	4	0.5	Social	50	652	0.904908	0.142638	-1	0.01
7	4	0.5	Social	51	753	0.800797	0.160159	36	0.01
7	4	0.5	Social	52	824	0.862864	0.172573	8	0.01
7	4	0.5	Social	53	779	0.821566	0.164313	-1	0.01
7	4	0.5	Social	54	840	0.82619	0.16619	-1	0.01
7	4	0.5	Social	55	711	0.774965	0.154993	-1	0.01
7	4	0.5	Social	56	786	0.838422	0.167684	-1	0.01
7	4	0.5	Social	57	873	0.845361	0.173081	-1	0.01
7	4	0.5	Social	58	745	0.983893	0.153289	-1	0.01
7	4	0.5	Social	59	832	0.853365	0.170673	-1	0.01
7	4	0.5	Social	60	863	0.869061	0.173812	-1	0.01
7	4	0.5	Social	61	765	0.831373	0.166275	-1	0.01
7	4	0.5	Social	62	780	0.821795	0.164359	-1	0.01
7	4	0.5	Social	63	806	0.846154	0.17072	39	0.01
7	4	0.5	Social	64	675	0.951111	0.14963	-1	0.01
7	4	0.5	Social	65	837	0.853047	0.170609	63	0.01
7	4	0.5	Social	66	788	0.779188	0.15736	2	0.01
7	4	0.5	Social	67	719	0.851182	0.158832	-1	0.01
7	4	0.5	Social	68	816	0.938725	0.166176	-1	0.01
7	4	0.5	Social	69	809	0.840544	0.168109	71	0.01
7	4	0.5	Social	70	859	0.873108	0.172643	-1	0.01
7	4	0.5	Social	71	771	0.805447	0.164202	-1	0.01
7	4	0.5	Social	72	788	0.832487	0.166751	10	0.01
7	4	0.5	Social	73	695	0.985612	0.149209	-1	0.01
7	4	0.5	Social	74	690	0.972464	0.15029	-1	0.01
7	4	0.5	Social	75	715	0.88951	0.154126	-1	0.01
7	4	0.5	Social	76	880	0.869318	0.173864	-1	0.01
7	4	0.5	Social	77	807	0.842627	0.162825	-1	0.01
7	4	0.5	Social	78	850	0.834118	0.166824	19	0.01
7	4	0.5	Social	79	635	0.927559	0.14315	7	0.01
7	4	0.5	Social	80	832	0.802885	0.164663	-1	0.01
7	4	0.5	Social	81	834	0.814149	0.163789	-1	0.01
7	4	0.5	Social	82	885	0.859887	0.17435	54	0.01
7	4	0.5	Social	83	756	0.787037	0.157407	7	0.01
7	4	0.5	Social	84	710	0.894366	0.151831	-1	0.01
7	4	0.5	Social	85	692	0.956647	0.14711	-1	0.01
7	4	0.5	Social	86	623	0.972713	0.130658	18	0.01
7	4	0.5	Social	87	783	0.858238	0.154789	-1	0.01
7	4	0.5	Social	88	829	0.841978	0.169602	44	0.01
7	4	0.5	Social	89	763	0.796855	0.159371	16	0.01
7	4	0.5	Social	90	861	0.843206	0.167596	-1	0.01
7	4	0.5	Social	91	795	0.961006	0.161258	-1	0.01
7	4	0.5	Social	92	574	0.939024	0.121254	17	0.01
7	4	0.5	Social	93	919	0.903156	0.176714	-1	0.01
7	4	0.5	Social	94	681	0.875184	0.14743	-1	0.01
7	4	0.5	Social	95	783	0.849298	0.169987	18	0.01
7	4	0.5	Social	96	675	0.791111	0.147111	-1	0.01
7	4	0.5	Social	97	840	0.847619	0.169524	-1	0.01
7	4	0.5	Social	98	788	0.796954	0.159391	-1	0.01
7	4	0.5	Social	99	739	0.790257	0.159134	-1	0.01
8	4	0.5	Social	0	804	0.824627	0.151119	-1	0.01
8	4	0.5	Social	1	820	0.739024	0.147805	-1	0.01
8	4	0.5	Social	2	585	0.97265	0.105812	2	0.01
8	4	0.5	Social	3	844	0.777251	0.15545	-1	0.01
8	4	0.5	Social	4	552	0.958333	0.0958333	5	0.01
8	4	0.5	Social	5	845	0.783432	0.156686	-1	0.01
8	4	0.5	Social	6	853	0.783118	0.15721	-1	0.01
8	4	0.5	Social	7	786	0.753181	0.152417	-1	0.01
8	4	0.5	Social	8	874	0.778032	0.155149	-1	0.01
8	4	0.5	Social	9	688	0.661337	0.134157	34	0.01
8	4	0.5	Social	10	834	0.935252	0.147002	29	0.01
8	4	0.5	Social	11	764	0.723822	0.144895	20	0.01
8	4	0.5	Social	12	733	0.942701	0.139427	18	0.01
8	4	0.5	Social	13	555	0.965766	0.0965766	-1	0.01
8	4	0.5	Social	14	776	0.722938	0.146778	-1	0.01
8	4	0.5	Social	15	761	0.701708	0.142444	8	0.01
8	4	0.5	Social	16	924	0.885281	0.157576	-1	0.01
8	4	0.5	Social	17	855	0.774269	0.155205	10	0.01
8	4	0.5	Social	18	776	0.918814	0.134149	-1	0.01
8	4	0.5	Social	19	901	0.805771	0.161154	-1	0.01
8	4	0.5	Social	20	690	0.97971	0.124783	2	0.01
8	4	0.5	Social	21	846	0.754137	0.151773	-1	0.01
8	4	0.5	Social	22	586	0.989761	0.0989761	-1	0.01
8	4	0.5	Social	23	820	0.967073	0.147805	-1	0.01
8	4	0.5	Social	24	538	0.988848	0.0988848	-1	0.01
8	4	0.5	Social	25	834	0.972422	0.145204	-1	0.01
8	4	0.5	Social	26	858	0.737762	0.151399	3	0.01
8	4	0.5	Social	27	605	0.996694	0.0996694	-1	0.01
8	4	0.5	Social	28	889	0.777278	0.155456	-1	0.01
8	4	0.5	Social	29	960	0.890625	0.165313	-1	0.01
8	4	0.5	Social	30	794	0.904282	0.142443	-1	0.01
8	4	0.5	Social	31	755	0.921854	0.147947	-1	0.01
8	4	0.5	Social	32	810	0.728395	0.145802	30	0.01
8	4	0.5	Social	33	961	0.808533	0.161915	-1	0.01
8	4	0.5	Social	34	861	0.783972	0.155633	-1	0.01
8	4	0.5	Social	35	866	0.931871	0.151617	-1	0.01
8	4	0.5	Social	36	892	0.782511	0.157623	-1	0.01
8	4	0.5	Social	37	820	0.782927	0.147561	-1	0.01
8	4	0.5	Social	38	775	0.849032	0.141419	-1	0.01
8	4	0.5	Social	39	932	0.803648	0.165558	14	0.01
8	4	0.5	Social	40	560	0.967857	0.0967857	-1	0.01
8	4	0.5	Social	41	804	0.894279	0.143159	2	0.01
8	4	0.5	Social	42	803	0.891656	0.15056	-1	0.01
8	4	0.5	Social	43	839	0.772348	0.151847	-1	0.01
8	4	0.5	Social	44	930	0.822581	0.164301	33	0.01
8	4	0.5	Social	45	729	0.891632	0.141152	-1	0.01
8	4	0.5	Social	46	776	0.713918	0.142784	-1	0.01
8	4	0.5	Social	47	831	0.76414	0.152828	-1	0.01
8	4	0.5	Social	48	580	0.987931	0.0987931	-1	0.01
8	4	0.5	Social	49	887	0.801578	0.160316	15	0.01
8	4	0.5	Social	50	557	0.991023	0.0991023	-1	0.01
8	4	0.5	Social	51	872	0.793578	0.160321	2	0.01
8	4	0.5	Social	52	499	0.923848	0.0923848	-1	0.01
8	4	0.5	Social	53	779	0.860077	0.14724	-1	0.01
8	4	0.5	Social	54	863	0.918888	0.153071	-1	0.01
8	4	0.5	Social	55	757	0.7107	0.14214	-1	0.01
8	4	0.5	Social	56	809	0.730532	0.146354	3	0.01
8	4	0.5	Social	57	899	0.823137	0.164627	-1	0.01
8	4	0.5	Social	58	785	0.878981	0.137707	-1	0.01
8	4	0.5	Social	59	621	0.982287	0.113366	-1	0.01
8	4	0.5	Social	60	814	0.80344	0.144963	16	0.01
8	4	0.5	Social	61	709	0.921016	0.134697	114	0.01
8	4	0.5	Social	62	918	0.895425	0.162854	4	0.01
8	4	0.5	Social	63	972	0.860082	0.172016	-1	0.01
8	4	0.5	Social	64	769	0.763329	0.153706	-1	0.01
8	4	0.5	Social	65	736	0.691576	0.138315	-1	0.01
8	4	0.5	Social	66	792	0.962121	0.1375	-1	0.01
8	4	0.5	Social	67	518	0.96139	0.096139	-1	0.01
8	4	0.5	Social	68	582	0.975945	0.0975945	-1	0.01
8	4	0.5	Social	69	834	0.780576	0.145803	26	0.01
8	4	0.5	Social	70	839	0.756853	0.151371	8	0.01
8	4	0.5	Social	71	781	0.923175	0.137132	-1	0.01
8	4	0.5	Social	72	926	0.838013	0.167603	9	0.01
8	4	0.5	Social	73	852	0.731221	0.147653	29	0.01
8	4	0.5	Social	74	750	0.934667	0.132133	61	0.01
8	4	0.5	Social	75	819	0.753358	0.151038	-1	0.01
8	4	0.5	Social	76	834	0.736211	0.150839	-1	0.01
8	4	0.5	Social	77	770	0.946753	0.146364	17	0.01
8	4	0.5	Social	78	775	0.969032	0.13871	-1	0.01
8	4	0.5	Social	79	792	0.775253	0.155051	-1	0.01
8	4	0.5	Social	80	900	0.938889	0.161556	-1	0.01
8	4	0.5	Social	81	734	0.855586	0.13842	-1	0.01
8	4	0.5	Social	82	884	0.753394	0.150679	26	0.01
8	4	0.5	Social	83	569	0.957821	0.102109	18	0.01
8	4	0.5	Social	84	596	1	0.1	-1	0.01
8	4	0.5	Social	85	871	0.818599	0.16659	-1	0.01
8	4	0.5	Social	86	814	0.781327	0.159214	-1	0.01
8	4	0.5	Social	87	565	0.99292	0.099292	-1	0.01
8	4	0.5	Social	88	928	0.824353	0.166164	64	0.01
8	4	0.5	Social	89	721	0.9681	0.135922	-1	0.01
8	4	0.5	Social	90	1021	0.953967	0.174045	-1	0.01
8	4	0.5	Social	91	741	0.709852	0.14278	41	0.01
8	4	0.5	Social	92	735	0.983673	0.134014	-1	0.01
8	4	0.5	Social	93	734	0.867847	0.139237	-1	0.01
8	4	0.5	Social	94	721	0.725381	0.145076	-1	0.01
8	4	0.5	Social	95	517	0.969052	0.0969052	-1	0.01
8	4	0.5	Social	96	656	0.964939	0.12561	-1	0.01
8	4	0.5	Social	97	891	0.875421	0.15275	-1	0.01
8	4	0.5	Social	98	793	0.80454	0.15372	-1	0.01
8	4	0.5	Social	99	563	0.941385	0.0941385	5	0.01
9	4	0.5	Social	0	647	0.993818	0.0993818	-1	0.01
9	4	0.5	Social	1	692	0.959538	0.107514	35	0.01
9	4	0.5	Social	2	824	0.691748	0.13835	-1	0.01
9	4	0.5	Social	3	720	0.598611	0.12125	-1	0.01
9	4	0.5	Social	4	795	0.612579	0.123774	-1	0.01
9	4	0.5	Social	5	907	0.748622	0.14763	-1	0.01
9	4	0.5	Social	6	618	0.953074	0.0953074	-1	0.01
9	4	0.5	Social	7	769	0.843953	0.118856	-1	0.01
9	4	0.5	Social	8	817	0.968176	0.134272	-1	0.01
9	4	0.5	Social	9	727	0.988996	0.120495	85	0.01
9	4	0.5	Social	10	779	0.835687	0.132863	69	0.01
9	4	0.5	Social	11	834	0.8753	0.136451	153	0.01
9	4	0.5	Social	12	769	0.942783	0.126658	-1	0.01
9	4	0.5	Social	13	755	0.672848	0.134702	115	0.01
9	4	0.5	Social	14	782	0.909207	0.132353	-1	0.01
9	4	0.5	Social	15	708	0.990113	0.121186	-1	0.01
9	4	0.5	Social	16	624	0.975962	0.0975962	-1	0.01
9	4	0.5	Social	17	637	0.956044	0.0956044	-1	0.01
9	4	0.5	Social	18	611	0.98036	0.098036	-1	0.01
9	4	0.5	Social	19	743	0.986541	0.12288	-1	0.01
9	4	0.5	Social	20	599	0.923205	0.0923205	-1	0.01
9	4	0.5	Social	21	844	0.738152	0.14763	-1	0.01
9	4	0.5	Social	22	868	0.754608	0.148041	4	0.01
9	4	0.5	Social	23	793	0.894073	0.123455	-1	0.01
9	4	0.5	Social	24	770	0.854545	0.126104	-1	0.01
9	4	0.5	Social	25	653	0.931087	0.0931087	-1	0.01
9	4	0.5	Social	26	760	0.956579	0.124474	-1	0.01
9	4	0.5	Social	27	614	0.967427	0.0967427	-1	0.01
9	4	0.5	Social	28	825	0.96	0.13903	47	0.01
9	4	0.5	Social	29	667	0.977511	0.0977511	-1	0.01
9	4	0.5	Social	30	846	0.821513	0.135225	-1	0.01
9	4	0.5	Social	31	656	0.932927	0.0932927	-1	0.01
9	4	0.5	Social	32	629	0.99682	0.099682	-1	0.01
9	4	0.5	Social	33	664	0.929217	0.0945783	-1	0.01
9	4	0.5	Social	34	664	0.987952	0.0987952	-1	0.01
9	4	0.5	Social	35	671	0.991058	0.0991058	-1	0.01
9	4	0.5	Social	36	628	0.941083	0.0941083	35	0.01
9	4	0.5	Social	37	680	0.992647	0.102941	-1	0.01
9	4	0.5	Social	38	631	0.935024	0.0935024	11	0.01
9	4	0.5	Social	39	656	0.945122	0.0945122	-1	0.01
9	4	0.5	Social	40	648	0.891975	0.104938	-1	0.01
9	4	0.5	Social	41	855	0.678363	0.13883	-1	0.01
9	4	0.5	Social	42	708	0.878531	0.113842	-1	0.01
9	4	0.5	Social	43	643	0.976672	0.0976672	-1	0.01
9	4	0.5	Social	44	961	0.908429	0.151509	-1	0.01
9	4	0.5	Social	45	639	0.981221	0.0981221	8	0.01
9	4	0.5	Social	46	665	0.971429	0.0971429	-1	0.01
9	4	0.5	Social	47	638	0.965517	0.0965517	-1	0.01
9	4	0.5	Social	48	823	0.986634	0.140583	11	0.01
9	4	0.5	Social	49	706	0.889518	0.115864	13	0.01
9	4	0.5	Social	50	649	0.967643	0.102928	31	0.01
9	4	0.5	Social	51	769	0.897269	0.128088	-1	0.01
9	4	0.5	Social	52	798	0.948622	0.126566	17	0.01
9	4	0.5	Social	53	941	0.867163	0.149309	43	0.01
9	4	0.5	Social	54	835	0.692216	0.140479	-1	0.01
9	4	0.5	Social	55	635	0.955906	0.0955906	-1	0.01
9	4	0.5	Social	56	774	0.923773	0.126615	137	0.01
9	4	0.5	Social	57	878	0.703872	0.140774	-1	0.01
9	4	0.5	Social	58	909	0.754675	0.149065	-1	0.01
9	4	0.5	Social	59	607	0.953871	0.0953871	-1	0.01
9	4	0.5	Social	60	794	0.918136	0.12733	-1	0.01
9	4	0.5	Social	61	675	0.988148	0.0988148	-1	0.01
9	4	0.5	Social	62	867	0.811995	0.13714	-1	0.01
9	4	0.5	Social	63	627	0.963317	0.0963317	-1	0.01
9	4	0.5	Social	64	701	0.783167	0.113552	17	0.01
9	4	0.5	Social	65	810	0.883951	0.130864	154	0.01
9	4	0.5	Social	66	635	0.946457	0.0946457	-1	0.01
9	4	0.5	Social	67	747	0.84739	0.116734	-1	0.01
9	4	0.5	Social	68	733	0.950887	0.116098	13	0.01
9	4	0.5	Social	69	626	0.982428	0.0982428	-1	0.01
9	4	0.5	Social	70	817	0.977968	0.134272	-1	0.01
9	4	0.5	Social	71	714	0.777311	0.121148	-1	0.01
9	4	0.5	Social	72	789	0.954373	0.129911	-1	0.01
9	4	0.5	Social	73	737	0.928087	0.122795	-1	0.01
9	4	0.5	Social	74	618	0.983819	0.0983819	-1	0.01
9	4	0.5	Social	75	826	0.932203	0.138136	-1	0.01
9	4	0.5	Social	76	852	0.691315	0.138732	-1	0.01
9	4	0.5	Social	77	637	0.932496	0.0932496	-1	0.01
9	4	0.5	Social	78	626	0.977636	0.0977636	8	0.01
9	4	0.5	Social	79	865	0.871676	0.141965	-1	0.01
9	4	0.5	Social	80	616	0.946429	0.0946429	18	0.01
9	4	0.5	Social	81	639	0.978091	0.0978091	93	0.01
9	4	0.5	Social	82	770	0.951948	0.118052	-1	0.01
9	4	0.5	Social	83	834	0.642686	0.134652	100	0.01
9	4	0.5	Social	84	765	0.934641	0.114902	54	0.01
9	4	0.5	Social	85	883	0.88675	0.141223	161	0.01
9	4	0.5	Social	86	791	0.883692	0.127434	-1	0.01
9	4	0.5	Social	87	839	0.707986	0.142312	17	0.01
9	4	0.5	Social	88	807	0.972739	0.134077	-1	0.01
9	4	0.5	Social	89	759	0.637681	0.123979	7	0.01
9	4	0.5	Social	90	723	0.789765	0.136653	-1	0.01
9	4	0.5	Social	91	623	0.950241	0.0950241	28	0.01
9	4	0.5	Social	92	840	0.944048	0.131667	-1	0.01
9	4	0.5	Social	93	633	0.966825	0.0979463	-1	0.01
9	4	0.5	Social	94	769	0.894668	0.124707	24	0.01
9	4	0.5	Social	95	799	0.657071	0.13179	9	0.01
9	4	0.5	Social	96	624	0.964744	0.0964744	-1	0.01
9	4	0.5	Social	97	863	0.697567	0.141599	-1	0.01
9	4	0.5	Social	98	748	0.92246	0.127807	-1	0.01
9	4	0.5	Social	99	783	0.679438	0.139719	-1	0.01
10	4	0.5	Social	0	702	0.967236	0.0967236	-1	0.01
10	4	0.5	Social	1	717	0.927476	0.0927476	-1	0.01
10	4	0.5	Social	2	697	0.946915	0.0946915	75	0.01
10	4	0.5	Social	3	749	0.861148	0.107477	-1	0.01
10	4	0.5	Social	4	823	0.866343	0.115917	-1	0.01
10	4	0.5	Social	5	647	0.891808	0.0891808	157	0.01
10	4	0.5	Social	6	755	0.817219	0.115894	30	0.01
10	4	0.5	Social	7	704	0.93608	0.093608	-1	0.01
10	4	0.5	Social	8	780	0.853846	0.107692	-1	0.01
10	4	0.5	Social	9	710	0.925352	0.0925352	-1	0.01
10	4	0.5	Social	10	713	0.969144	0.0969144	60	0.01
10	4	0.5	Social	11	674	0.894659	0.0894659	-1	0.01
10	4	0.5	Social	12	728	0.943681	0.0943681	-1	0.01
10	4	0.5	Social	13	733	0.987722	0.106958	-1	0.01
10	4	0.5	Social	14	717	0.970711	0.0970711	-1	0.01
10	4	0.5	Social	15	718	0.945682	0.0945682	51	0.01
10	4	0.5	Social	16	695	0.953957	0.0953957	-1	0.01
10	4	0.5	Social	17	703	0.960171	0.0960171	36	0.01
10	4	0.5	Social	18	737	0.998643	0.0998643	-1	0.01
10	4	0.5	Social	19	797	0.588457	0.117691	-1	0.01
10	4	0.5	Social	20	802	0.562344	0.114713	-1	0.01
10	4	0.5	Social	21	702	0.98433	0.098433	-1	0.01
10	4	0.5	Social	22	730	0.916438	0.0920548	8	0.01
10	4	0.5	Social	23	836	0.62201	0.122129	-1	0.01
10	4	0.5	Social	24	936	0.667735	0.133547	30	0.01
10	4	0.5	Social	25	835	0.579641	0.116168	-1	0.01
10	4	0.5	Social	26	774	0.586563	0.117313	-1	0.01
10	4	0.5	Social	27	791	0.599241	0.12086	-1	0.01
10	4	0.5	Social	28	713	0.955119	0.0976157	-1	0.01
10	4	0.5	Social	29	861	0.965157	0.117305	58	0.01
10	4	0.5	Social	30	669	0.959641	0.0959641	-1	0.01
10	4	0.5	Social	31	685	0.905109	0.0905109	-1	0.01
10	4	0.5	Social	32	798	0.941103	0.112907	15	0.01
10	4	0.5	Social	33	675	0.89037	0.0905185	-1	0.01
10	4	0.5	Social	34	667	0.874063	0.0874063	-1	0.01
10	4	0.5	Social	35	715	0.99021	0.099021	105	0.01
10	4	0.5	Social	36	712	0.952247	0.0952247	-1	0.01
10	4	0.5	Social	37	813	0.96433	0.11722	172	0.01
10	4	0.5	Social	38	739	0.948579	0.105142	-1	0.01
10	4	0.5	Social	39	692	0.91763	0.091763	-1	0.01
10	4	0.5	Social	40	749	0.987984	0.0987984	133	0.01
10	4	0.5	Social	41	688	0.957849	0.0957849	-1	0.01
10	4	0.5	Social	42	686	0.925656	0.0925656	-1	0.01
10	4	0.5	Social	43	694	0.955331	0.0955331	-1	0.01
10	4	0.5	Social	44	715	0.966434	0.0966434	-1	0.01
10	4	0.5	Social	45	725	0.984828	0.0984828	-1	0.01
10	4	0.5	Social	46	728	0.888736	0.0980769	-1	0.01
10	4	0.5	Social	47	729	0.957476	0.0957476	-1	0.01
10	4	0.5	Social	48	838	0.624105	0.125537	-1	0.01
10	4	0.5	Social	49	824	0.793689	0.123058	-1	0.01
10	4	0.5	Social	50	696	0.981322	0.0981322	17	0.01
10	4	0.5	Social	51	703	0.927454	0.0957326	6	0.01
10	4	0.5	Social	52	701	0.951498	0.0951498	-1	0.01
10	4	0.5	Social	53	718	0.941504	0.0941504	-1	0.01
10	4	0.5	Social	54	727	0.973865	0.0973865	35	0.01
10	4	0.5	Social	55	740	0.964865	0.0964865	156	0.01
10	4	0.5	Social	56	712	0.935393	0.0963483	-1	0.01
10	4	0.5	Social	57	686	0.962099	0.0962099	-1	0.01
10	4	0.5	Social	58	757	0.970938	0.0970938	46	0.01
10	4	0.5	Social	59	720	0.963889	0.0963889	49	0.01
10	4	0.5	Social	60	696	0.962644	0.0962644	-1	0.01
10	4	0.5	Social	61	677	0.915805	0.098966	-1	0.01
10	4	0.5	Social	62	652	0.888037	0.0888037	-1	0.01
10	4	0.5	Social	63	684	0.94883	0.094883	6	0.01
10	4	0.5	Social	64	685	0.868613	0.0908029	-1	0.01
10	4	0.5	Social	65	710	0.976056	0.0976056	-1	0.01
10	4	0.5	Social	66	687	0.944687	0.0944687	-1	0.01
10	4	0.5	Social	67	678	0.986726	0.0986726	48	0.01
10	4	0.5	Social	68	733	0.964529	0.0964529	-1	0.01
10	4	0.5	Social	69	748	0.989305	0.0989305	-1	0.01
10	4	0.5	Social	70	648	0.976852	0.0976852	16	0.01
10	4	0.5	Social	71	878	0.65262	0.130979	-1	0.01
10	4	0.5	Social	72	661	0.860817	0.0860817	-1	0.01
10	4	0.5	Social	73	672	0.860119	0.0872024	13	0.01
10	4	0.5	Social	74	792	0.57197	0.114394	71	0.01
10	4	0.5	Social	75	731	0.997264	0.0997264	-1	0.01
10	4	0.5	Social	76	709	0.93512	0.093512	-1	0.01
10	4	0.5	Social	77	652	0.889571	0.090184	-1	0.01
10	4	0.5	Social	78	680	0.944118	0.0944118	53	0.01
10	4	0.5	Social	79	778	0.835476	0.115167	-1	0.01
10	4	0.5	Social	80	743	0.948856	0.0948856	-1	0.01
10	4	0.5	Social	81	746	0.982574	0.0982574	31	0.01
10	4	0.5	Social	82	773	0.978008	0.0978008	-1	0.01
10	4	0.5	Social	83	913	0.646221	0.126506	-1	0.01
10	4	0.5	Social	84	807	0.835192	0.123048	-1	0.01
10	4	0.5	Social	85	700	0.922857	0.0922857	-1	0.01
10	4	0.5	Social	86	699	0.968526	0.0968526	122	0.01
10	4	0.5	Social	87	1072	0.755597	0.151119	15	0.01
10	4	0.5	Social	88	751	0.981358	0.0981358	-1	0.01
10	4	0.5	Social	89	711	0.936709	0.0953586	30	0.01
10	4	0.5	Social	90	704	0.928977	0.0928977	6	0.01
10	4	0.5	Social	91	744	0.975806	0.0975806	-1	0.01
10	4	0.5	Social	92	691	0.95369	0.095369	-1	0.01
10	4	0.5	Social	93	704	0.992898	0.0992898	-1	0.01
10	4	0.5	Social	94	733	0.991814	0.0991814	93	0.01
10	4	0.5	Social	95	675	0.854815	0.0859259	-1	0.01
10	4	0.5	Social	96	716	0.969274	0.0969274	-1	0.01
10	4	0.5	Social	97	677	0.893648	0.0893648	-1	0.01
10	4	0.5	Social	98	853	0.643611	0.132356	-1	0.01
10	4	0.5	Social	99	723	0.993084	0.0993084	-1	0.01
11	4	0.5	Social	0	727	0.845942	0.0845942	-1	0.01
11	4	0.5	Social	1	808	0.983911	0.0983911	11	0.01
11	4	0.5	Social	2	768	0.972656	0.0972656	-1	0.01
11	4	0.5	Social	3	799	0.941176	0.0941176	-1	0.01
11	4	0.5	Social	4	823	0.929526	0.0976914	-1	0.01
11	4	0.5	Social	5	710	0.867606	0.0880282	-1	0.01
11	4	0.5	Social	6	783	0.968072	0.0968072	29	0.01
11	4	0.5	Social	7	681	0.847283	0.0847283	-1	0.01
11	4	0.5	Social	8	728	0.864011	0.0864011	61	0.01
11	4	0.5	Social	9	787	0.94028	0.0942821	35	0.01
11	4	0.5	Social	10	738	0.823848	0.0823848	118	0.01
11	4	0.5	Social	11	722	0.894737	0.0894737	-1	0.01
11	4	0.5	Social	12	817	0.955936	0.0955936	49	0.01
11	4	0.5	Social	13	733	0.873124	0.0873124	-1	0.01
11	4	0.5	Social	14	747	0.921017	0.0921017	-1	0.01
11	4	0.5	Social	15	732	0.851093	0.0851093	-1	0.01
11	4	0.5	Social	16	770	0.933766	0.0933766	-1	0.01
11	4	0.5	Social	17	771	0.942931	0.0942931	-1	0.01
11	4	0.5	Social	18	848	0.918632	0.109906	105	0.01
11	4	0.5	Social	19	788	0.975888	0.0975888	74	0.01
11	4	0.5	Social	20	770	0.937662	0.0937662	-1	0.01
11	4	0.5	Social	21	766	0.963446	0.0963446	37	0.01
11	4	0.5	Social	22	747	0.871486	0.0871486	38	0.01
11	4	0.5	Social	23	743	0.913863	0.0927322	-1	0.01
11	4	0.5	Social	24	789	0.945501	0.0945501	-1	0.01
11	4	0.5	Social	25	796	0.978643	0.0978643	-1	0.01
11	4	0.5	Social	26	796	0.959799	0.0959799	-1	0.01
11	4	0.5	Social	27	823	0.953827	0.0953827	-1	0.01
11	4	0.5	Social	28	817	0.946144	0.0946144	-1	0.01
11	4	0.5	Social	29	780	0.903846	0.0903846	-1	0.01
11	4	0.5	Social	30	757	0.900925	0.0900925	-1	0.01
11	4	0.5	Social	31	766	0.916449	0.0916449	-1	0.01
11	4	0.5	Social	32	774	0.950904	0.0950904	-1	0.01
11	4	0.5	Social	33	767	0.96219	0.096219	9	0.01
11	4	0.5	Social	34	832	0.990385	0.0990385	-1	0.01
11	4	0.5	Social	35	737	0.922659	0.0922659	-1	0.01
11	4	0.5	Social	36	789	0.897338	0.0897338	15	0.01
11	4	0.5	Social	37	736	0.868207	0.0868207	62	0.01
11	4	0.5	Social	38	747	0.906292	0.0906292	-1	0.01
11	4	0.5	Social	39	753	0.84595	0.084595	53	0.01
11	4	0.5	Social	40	772	0.92487	0.092487	-1	0.01
11	4	0.5	Social	41	822	0.568127	0.117762	-1	0.01
11	4	0.5	Social	42	732	0.826503	0.0856557	-1	0.01
11	4	0.5	Social	43	761	0.823916	0.0911958	-1	0.01
11	4	0.5	Social	44	734	0.877384	0.0877384	-1	0.01
11	4	0.5	Social	45	737	0.911805	0.0911805	-1	0.01
11	4	0.5	Social	46	785	0.946497	0.0961783	-1	0.01
11	4	0.5	Social	47	825	0.539394	0.108606	-1	0.01
11	4	0.5	Social	48	795	0.981132	0.0981132	34	0.01
11	4	0.5	Social	49	707	0.953324	0.0953324	9	0.01
11	4	0.5	Social	50	814	0.976658	0.10172	-1	0.01
11	4	0.5	Social	51	713	0.84993	0.084993	-1	0.01
11	4	0.5	Social	52	759	0.928854	0.0928854	6	0.01
11	4	0.5	Social	53	759	0.919631	0.0919631	-1	0.01
11	4	0.5	Social	54	784	0.871173	0.0871173	-1	0.01
11	4	0.5	Social	55	820	0.934146	0.0934146	-1	0.01
11	4	0.5	Social	56	776	0.936856	0.100773	-1	0.01
11	4	0.5	Social	57	765	0.955556	0.0955556	30	0.01
11	4	0.5	Social	58	807	0.967782	0.0967782	-1	0.01
11	4	0.5	Social	59	780	0.947436	0.0947436	-1	0.01
11	4	0.5	Social	60	764	0.924084	0.0948953	-1	0.01
11	4	0.5	Social	61	826	0.96368	0.096368	-1	0.01
11	4	0.5	Social	62	763	0.960682	0.0960682	-1	0.01
11	4	0.5	Social	63	800	0.99625	0.099625	-1	0.01
11	4	0.5	Social	64	758	0.903694	0.0903694	7	0.01
11	4	0.5	Social	65	767	0.907432	0.0907432	-1	0.01
11	4	0.5	Social	66	779	0.933248	0.0933248	-1	0.01
11	4	0.5	Social	67	770	0.957143	0.0957143	-1	0.01
11	4	0.5	Social	68	799	0.907384	0.0907384	51	0.01
11	4	0.5	Social	69	746	0.922252	0.0934316	34	0.01
11	4	0.5	Social	70	756	0.891534	0.0891534	-1	0.01
11	4	0.5	Social	71	800	0.5275	0.10625	-1	0.01
11	4	0.5	Social	72	766	0.951697	0.0963446	-1	0.01
11	4	0.5	Social	73	783	0.948914	0.0987229	43	0.01
11	4	0.5	Social	74	905	0.61326	0.123757	-1	0.01
11	4	0.5	Social	75	794	0.93073	0.0981108	-1	0.01
11	4	0.5	Social	76	749	0.835781	0.0835781	-1	0.01
11	4	0.5	Social	77	767	0.744459	0.0912647	85	0.01
11	4	0.5	Social	78	779	0.912709	0.0912709	-1	0.01
11	4	0.5	Social	79	784	0.964286	0.0964286	-1	0.01
11	4	0.5	Social	80	767	0.953064	0.0966102	-1	0.01
11	4	0.5	Social	81	769	0.916775	0.096749	-1	0.01
11	4	0.5	Social	82	791	0.974716	0.0974716	-1	0.01
11	4	0.5	Social	83	749	0.886515	0.0901202	-1	0.01
11	4	0.5	Social	84	693	0.828283	0.0828283	37	0.01
11	4	0.5	Social	85	789	0.973384	0.0973384	-1	0.01
11	4	0.5	Social	86	790	0.970886	0.0970886	-1	0.01
11	4	0.5	Social	87	750	0.912	0.0917333	-1	0.01
11	4	0.5	Social	88	795	0.933333	0.0933333	-1	0.01
11	4	0.5	Social	89	774	0.882429	0.0882429	-1	0.01
11	4	0.5	Social	90	800	0.92625	0.092625	15	0.01
11	4	0.5	Social	91	723	0.720609	0.0733057	-1	0.01
11	4	0.5	Social	92	782	0.901535	0.0901535	79	0.01
11	4	0.5	Social	93	816	0.95098	0.101225	4	0.01
11	4	0.5	Social	94	809	0.951792	0.101236	55	0.01
11	4	0.5	Social	95	770	0.94026	0.0955844	-1	0.01
11	4	0.5	Social	96	737	0.862958	0.0871099	176	0.01
11	4	0.5	Social	97	848	0.994104	0.0994104	-1	0.01
11	4	0.5	Social	98	712	0.91573	0.091573	-1	0.01
11	4	0.5	Social	99	773	0.957309	0.0965071	51	0.01
12	4	0.5	Social	0	815	0.932515	0.0932515	-1	0.01
12	4	0.5	Social	1	826	0.872881	0.0894673	-1	0.01
12	4	0.5	Social	2	843	0.864769	0.0879004	-1	0.01
12	4	0.5	Social	3	885	0.969492	0.0969492	28	0.01
12	4	0.5	Social	4	867	0.926182	0.0934256	-1	0.01
12	4	0.5	Social	5	802	0.800499	0.0825436	-1	0.01
12	4	0.5	Social	6	818	0.817848	0.0893643	-1	0.01
12	4	0.5	Social	7	814	0.886978	0.0886978	-1	0.01
12	4	0.5	Social	8	792	0.887626	0.0887626	85	0.01
12	4	0.5	Social	9	858	0.877622	0.089627	-1	0.01
12	4	0.5	Social	10	876	0.945205	0.0945205	-1	0.01
12	4	0.5	Social	11	797	0.861982	0.0861982	26	0.01
12	4	0.5	Social	12	848	0.918632	0.0918632	37	0.01
12	4	0.5	Social	13	916	0.826419	0.107969	27	0.01
12	4	0.5	Social	14	845	0.854438	0.0859172	-1	0.01
12	4	0.5	Social	15	811	0.884094	0.0895191	-1	0.01
12	4	0.5	Social	16	838	0.952267	0.0952267	83	0.01
12	4	0.5	Social	17	811	0.877928	0.0882861	103	0.01
12	4	0.5	Social	18	842	0.969121	0.0969121	-1	0.01
12	4	0.5	Social	19	834	0.923261	0.0942446	45	0.01
12	4	0.5	Social	20	827	0.893591	0.0893591	5	0.01
12	4	0.5	Social	21	889	0.48144	0.104274	-1	0.01
12	4	0.5	Social	22	870	0.981609	0.0981609	27	0.01
12	4	0.5	Social	23	834	0.907674	0.0907674	-1	0.01
12	4	0.5	Social	24	872	0.920872	0.0920872	69	0.01
12	4	0.5	Social	25	837	0.945042	0.0945042	26	0.01
12	4	0.5	Social	26	857	0.948658	0.0948658	-1	0.01
12	4	0.5	Social	27	805	0.911801	0.0911801	-1	0.01
12	4	0.5	Social	28	868	0.908986	0.0908986	-1	0.01
12	4	0.5	Social	29	817	0.864137	0.0909425	-1	0.01
12	4	0.5	Social	30	837	0.887694	0.0887694	-1	0.01
12	4	0.5	Social	31	817	0.747858	0.075765	-1	0.01
12	4	0.5	Social	32	829	0.916767	0.0916767	-1	0.01
12	4	0.5	Social	33	801	0.757803	0.0878901	-1	0.01
12	4	0.5	Social	34	784	0.807398	0.0822704	57	0.01
12	4	0.5	Social	35	832	0.876202	0.0876202	-1	0.01
12	4	0.5	Social	36	795	0.872956	0.0872956	60	0.01
12	4	0.5	Social	37	864	0.916667	0.0916667	50	0.01
12	4	0.5	Social	38	798	0.842105	0.0848371	-1	0.01
12	4	0.5	Social	39	844	0.911137	0.0911137	-1	0.01
12	4	0.5	Social	40	800	0.85375	0.0855	19	0.01
12	4	0.5	Social	41	822	0.914842	0.0919708	-1	0.01
12	4	0.5	Social	42	828	0.927536	0.0933575	-1	0.01
12	4	0.5	Social	43	819	0.47619	0.0942613	-1	0.01
12	4	0.5	Social	44	851	0.929495	0.0929495	-1	0.01
12	4	0.5	Social	45	885	0.948023	0.0948023	-1	0.01
12	4	0.5	Social	46	826	0.911622	0.0911622	-1	0.01
12	4	0.5	Social	47	873	0.936999	0.0936999	-1	0.01
12	4	0.5	Social	48	820	0.871951	0.0871951	-1	0.01
12	4	0.5	Social	49	869	0.903337	0.0934407	-1	0.01
12	4	0.5	Social	50	817	0.840881	0.0862913	-1	0.01
12	4	0.5	Social	51	822	0.886861	0.0886861	41	0.01
12	4	0.5	Social	52	824	0.958738	0.0958738	-1	0.01
12	4	0.5	Social	53	868	0.894009	0.0948157	23	0.01
12	4	0.5	Social	54	811	0.828607	0.0828607	-1	0.01
12	4	0.5	Social	55	833	0.878752	0.0878752	-1	0.01
12	4	0.5	Social	56	798	0.934837	0.0934837	-1	0.01
12	4	0.5	Social	57	768	0.776042	0.0815104	-1	0.01
12	4	0.5	Social	58	801	0.851436	0.0851436	-1	0.01
12	4	0.5	Social	59	866	0.923788	0.097806	157	0.01
12	4	0.5	Social	60	831	0.877256	0.0877256	25	0.01
12	4	0.5	Social	61	817	0.891065	0.0935129	-1	0.01
12	4	0.5	Social	62	790	0.794937	0.0816456	-1	0.01
12	4	0.5	Social	63	811	0.839704	0.0839704	26	0.01
12	4	0.5	Social	64	886	0.931151	0.094921	-1	0.01
12	4	0.5	Social	65	874	0.970252	0.0970252	33	0.01
12	4	0.5	Social	66	846	0.894799	0.0923168	-1	0.01
12	4	0.5	Social	67	866	0.972286	0.0972286	108	0.01
12	4	0.5	Social	68	865	0.873988	0.0913295	19	0.01
12	4	0.5	Social	69	864	0.936343	0.0936343	-1	0.01
12	4	0.5	Social	70	831	0.898917	0.0898917	42	0.01
12	4	0.5	Social	71	896	0.950893	0.0950893	-1	0.01
12	4	0.5	Social	72	800	0.8	0.087875	-1	0.01
12	4	0.5	Social	73	891	0.969697	0.0969697	25	0.01
12	4	0.5	Social	74	825	0.910303	0.0918788	8	0.01
12	4	0.5	Social	75	831	0.933815	0.0933815	27	0.01
12	4	0.5	Social	76	876	0.902968	0.0902968	66	0.01
12	4	0.5	Social	77	835	0.887425	0.0887425	-1	0.01
12	4	0.5	Social	78	869	0.947066	0.0947066	-1	0.01
12	4	0.5	Social	79	791	0.844501	0.0844501	-1	0.01
12	4	0.5	Social	80	825	0.866667	0.0877576	184	0.01
12	4	0.5	Social	81	804	0.86194	0.086194	-1	0.01
12	4	0.5	Social	82	838	0.793556	0.0908115	-1	0.01
12	4	0.5	Social	83	778	0.858612	0.0858612	-1	0.01
12	4	0.5	Social	84	743	0.829071	0.0829071	-1	0.01
12	4	0.5	Social	85	790	0.435443	0.0883544	-1	0.01
12	4	0.5	Social	86	827	0.86578	0.086578	46	0.01
12	4	0.5	Social	87	791	0.863464	0.0868521	-1	0.01
12	4	0.5	Social	88	910	0.972527	0.0972527	34	0.01
12	4	0.5	Social	89	812	0.896552	0.0896552	-1	0.01
12	4	0.5	Social	90	783	0.8659	0.087484	-1	0.01
12	4	0.5	Social	91	873	0.950745	0.0950745	-1	0.01
12	4	0.5	Social	92	859	0.909197	0.0944121	-1	0.01
12	4	0.5	Social	93	846	0.995272	0.0995272	106	0.01
12	4	0.5	Social	94	858	0.95338	0.095338	-1	0.01
12	4	0.5	Social	95	882	0.929705	0.0929705	-1	0.01
12	4	0.5	Social	96	832	0.855769	0.0865385	41	0.01
12	4	0.5	Social	97	774	0.837209	0.0860465	-1	0.01
12	4	0.5	Social	98	810	0.877778	0.0880247	-1	0.01
12	4	0.5	Social	99	832	0.932692	0.0932692	9	0.01
13	4	0.5	Social	0	854	0.825527	0.0825527	4	0.01
13	4	0.5	Social	1	918	0.96732	0.096732	90	0.01
13	4	0.5	Social	2	846	0.788416	0.079669	48	0.01
13	4	0.5	Social	3	814	0.628993	0.0724816	-1	0.01
13	4	0.5	Social	4	903	0.923588	0.0923588	36	0.01
13	4	0.5	Social	5	881	0.853575	0.0887628	7	0.01
13	4	0.5	Social	6	867	0.800461	0.0802768	-1	0.01
13	4	0.5	Social	7	861	0.804878	0.0825784	131	0.01
13	4	0.5	Social	8	910	0.80989	0.0851648	26	0.01
13	4	0.5	Social	9	753	0.618858	0.0636122	-1	0.01
13	4	0.5	Social	10	904	0.794248	0.0827434	75	0.01
13	4	0.5	Social	11	811	0.758323	0.0775586	18	0.01
13	4	0.5	Social	12	935	0.908021	0.0908021	84	0.01
13	4	0.5	Social	13	905	0.818785	0.0941436	4	0.01
13	4	0.5	Social	14	740	0.640541	0.0654054	37	0.01
13	4	0.5	Social	15	938	0.924307	0.0943497	-1	0.01
13	4	0.5	Social	16	930	0.906452	0.0910753	-1	0.01
13	4	0.5	Social	17	888	0.864865	0.0864865	-1	0.01
13	4	0.5	Social	18	939	0.916933	0.0916933	32	0.01
13	4	0.5	Social	19	853	0.777257	0.0803048	-1	0.01
13	4	0.5	Social	20	872	0.827982	0.0827982	-1	0.01
13	4	0.5	Social	21	866	0.86836	0.086836	-1	0.01
13	4	0.5	Social	22	863	0.790267	0.0790267	-1	0.01
13	4	0.5	Social	23	857	0.801634	0.0820303	-1	0.01
13	4	0.5	Social	24	913	0.866375	0.0868565	-1	0.01
13	4	0.5	Social	25	853	0.749121	0.076905	7	0.01
13	4	0.5	Social	26	938	0.958422	0.0958422	12	0.01
13	4	0.5	Social	27	903	0.831672	0.0839424	-1	0.01
13	4	0.5	Social	28	805	0.730435	0.0740373	-1	0.01
13	4	0.5	Social	29	837	0.76583	0.0783751	-1	0.01
13	4	0.5	Social	30	930	0.916129	0.0916129	-1	0.01
13	4	0.5	Social	31	894	0.878076	0.0881432	10	0.01
13	4	0.5	Social	32	828	0.756039	0.0756039	33	0.01
13	4	0.5	Social	33	938	0.904051	0.0904051	-1	0.01
13	4	0.5	Social	34	914	0.889497	0.0899344	-1	0.01
13	4	0.5	Social	35	901	0.886792	0.0886792	37	0.01
13	4	0.5	Social	36	914	0.979212	0.0979212	23	0.01
13	4	0.5	Social	37	847	0.788666	0.0788666	-1	0.01
13	4	0.5	Social	38	916	0.876638	0.0913755	174	0.01
13	4	0.5	Social	39	872	0.817661	0.0857798	-1	0.01
13	4	0.5	Social	40	906	0.859823	0.0862031	-1	0.01
13	4	0.5	Social	41	855	0.85848	0.085848	20	0.01
13	4	0.5	Social	42	878	0.850797	0.0873576	143	0.01
13	4	0.5	Social	43	835	0.808383	0.082994	-1	0.01
13	4	0.5	Social	44	888	0.920045	0.0920045	-1	0.01
13	4	0.5	Social	45	890	0.798876	0.0888764	-1	0.01
13	4	0.5	Social	46	864	0.84375	0.084375	-1	0.01
13	4	0.5	Social	47	868	0.839862	0.0842166	62	0.01
13	4	0.5	Social	48	892	0.823991	0.0836323	80	0.01
13	4	0.5	Social	49	876	0.498858	0.0997717	42	0.01
13	4	0.5	Social	50	882	0.851474	0.0875283	251	0.01
13	4	0.5	Social	51	870	0.857471	0.0857471	-1	0.01
13	4	0.5	Social	52	913	0.865279	0.0874042	38	0.01
13	4	0.5	Social	53	890	0.870787	0.0870787	-1	0.01
13	4	0.5	Social	54	921	0.921824	0.0921824	109	0.01
13	4	0.5	Social	55	927	0.983819	0.0983819	36	0.01
13	4	0.5	Social	56	871	0.810563	0.0810563	113	0.01
13	4	0.5	Social	57	870	0.849425	0.0849425	26	0.01
13	4	0.5	Social	58	821	0.834348	0.0834348	139	0.01
13	4	0.5	Social	59	880	0.865909	0.0865909	-1	0.01
13	4	0.5	Social	60	877	0.790194	0.0790194	-1	0.01
13	4	0.5	Social	61	803	0.657534	0.0703611	-1	0.01
13	4	0.5	Social	62	959	0.906152	0.0947862	13	0.01
13	4	0.5	Social	63	923	0.970748	0.0970748	-1	0.01
13	4	0.5	Social	64	936	0.915598	0.0983974	32	0.01
13	4	0.5	Social	65	807	0.693928	0.0713755	15	0.01
13	4	0.5	Social	66	880	0.844318	0.0851136	-1	0.01
13	4	0.5	Social	67	883	0.892412	0.0892412	-1	0.01
13	4	0.5	Social	68	852	0.81338	0.081338	-1	0.01
13	4	0.5	Social	69	886	0.907449	0.0907449	23	0.01
13	4	0.5	Social	70	853	0.787808	0.0798359	-1	0.01
13	4	0.5	Social	71	843	0.803084	0.0805457	-1	0.01
13	4	0.5	Social	72	938	0.928571	0.0928571	135	0.01
13	4	0.5	Social	73	877	0.903079	0.0906499	-1	0.01
13	4	0.5	Social	74	823	0.767922	0.0767922	16	0.01
13	4	0.5	Social	75	887	0.782413	0.0782413	-1	0.01
13	4	0.5	Social	76	932	0.958155	0.0958155	-1	0.01
13	4	0.5	Social	77	895	0.924022	0.0924022	315	0.01
13	4	0.5	Social	78	804	0.625622	0.0690299	-1	0.01
13	4	0.5	Social	79	877	0.562144	0.0844926	-1	0.01
13	4	0.5	Social	80	945	0.941799	0.0941799	46	0.01
13	4	0.5	Social	81	899	0.805339	0.0818687	-1	0.01
13	4	0.5	Social	82	842	0.80285	0.080285	-1	0.01
13	4	0.5	Social	83	882	0.880952	0.0887755	144	0.01
13	4	0.5	Social	84	832	0.78125	0.0795673	142	0.01
13	4	0.5	Social	85	892	0.868834	0.0868834	6	0.01
13	4	0.5	Social	86	941	0.93305	0.093305	35	0.01
13	4	0.5	Social	87	909	0.870187	0.0870187	379	0.01
13	4	0.5	Social	88	821	0.742996	0.0767357	-1	0.01
13	4	0.5	Social	89	789	0.74398	0.074398	30	0.01
13	4	0.5	Social	90	904	0.910398	0.0910398	25	0.01
13	4	0.5	Social	91	864	0.873843	0.0873843	39	0.01
13	4	0.5	Social	92	877	0.860889	0.0870011	-1	0.01
13	4	0.5	Social	93	835	0.750898	0.0760479	-1	0.01
13	4	0.5	Social	94	853	0.886284	0.0902696	97	0.01
13	4	0.5	Social	95	835	0.784431	0.0791617	-1	0.01
13	4	0.5	Social	96	784	0.678571	0.0678571	-1	0.01
13	4	0.5	Social	97	792	0.662879	0.0698232	29	0.01
13	4	0.5	Social	98	880	0.897727	0.0897727	99	0.01
13	4	0.5	Social	99	881	0.796822	0.0822928	-1	0.01
14	4	0.5	Social	0	952	0.845588	0.0845588	-1	0.01
14	4	0.5	Social	1	783	0.606641	0.0621967	-1	0.01
14	4	0.5	Social	2	975	0.902564	0.0902564	-1	0.01
14	4	0.5	Social	3	918	0.745098	0.0745098	-1	0.01
14	4	0.5	Social	4	898	0.658129	0.0667038	-1	0.01
14	4	0.5	Social	5	939	0.804047	0.0817891	100	0.01
14	4	0.5	Social	6	885	0.760452	0.0760452	-1	0.01
14	4	0.5	Social	7	895	0.701676	0.0701676	61	0.01
14	4	0.5	Social	8	837	0.333333	0.0664277	258	0.01
14	4	0.5	Social	9	879	0.774744	0.0774744	21	0.01
14	4	0.5	Social	10	892	0.723094	0.0742152	8	0.01
14	4	0.5	Social	11	939	0.84558	0.084558	89	0.01
14	4	0.5	Social	12	885	0.772881	0.0772881	48	0.01
14	4	0.5	Social	13	886	0.82167	0.082167	-1	0.01
14	4	0.5	Social	14	817	0.577723	0.0577723	45	0.01
14	4	0.5	Social	15	934	0.519272	0.0734475	-1	0.01
14	4	0.5	Social	16	924	0.775974	0.0775974	-1	0.01
14	4	0.5	Social	17	979	0.896834	0.0896834	-1	0.01
14	4	0.5	Social	18	860	0.637209	0.0651163	-1	0.01
14	4	0.5	Social	19	902	0.751663	0.0793792	19	0.01
14	4	0.5	Social	20	993	0.835851	0.0835851	-1	0.01
14	4	0.5	Social	21	856	0.614486	0.0630841	-1	0.01
14	4	0.5	Social	22	878	0.756264	0.0763098	297	0.01
14	4	0.5	Social	23	908	0.72467	0.0753304	-1	0.01
14	4	0.5	Social	24	828	0.631643	0.0631643	-1	0.01
14	4	0.5	Social	25	859	0.590221	0.0643772	-1	0.01
14	4	0.5	Social	26	754	0.535809	0.0539788	80	0.01
14	4	0.5	Social	27	949	0.863014	0.0863014	-1	0.01
14	4	0.5	Social	28	871	0.683123	0.0690011	-1	0.01
14	4	0.5	Social	29	895	0.699441	0.0703911	-1	0.01
14	4	0.5	Social	30	939	0.809372	0.0815761	26	0.01
14	4	0.5	Social	31	918	0.752723	0.0765795	2	0.01
14	4	0.5	Social	32	866	0.725173	0.0725173	322	0.01
14	4	0.5	Social	33	923	0.736728	0.0736728	-1	0.01
14	4	0.5	Social	34	940	0.809574	0.0809574	44	0.01
14	4	0.5	Social	35	912	0.809211	0.0815789	132	0.01
14	4	0.5	Social	36	900	0.743333	0.0748889	126	0.01
14	4	0.5	Social	37	792	0.623737	0.0669192	-1	0.01
14	4	0.5	Social	38	892	0.7713	0.07713	28	0.01
14	4	0.5	Social	39	844	0.740521	0.075	11	0.01
14	4	0.5	Social	40	922	0.836226	0.0847072	7	0.01
14	4	0.5	Social	41	924	0.715368	0.0808442	-1	0.01
14	4	0.5	Social	42	926	0.782937	0.0786177	-1	0.01
14	4	0.5	Social	43	916	0.802402	0.0802402	51	0.01
14	4	0.5	Social	44	974	0.86037	0.086037	-1	0.01
14	4	0.5	Social	45	846	0.661939	0.0661939	295	0.01
14	4	0.5	Social	46	941	0.88204	0.088204	60	0.01
14	4	0.5	Social	47	898	0.716036	0.0732739	269	0.01
14	4	0.5	Social	48	892	0.762332	0.0766816	-1	0.01
14	4	0.5	Social	49	904	0.715708	0.0731195	159	0.01
14	4	0.5	Social	50	870	0.71954	0.071954	25	0.01
14	4	0.5	Social	51	931	0.831364	0.0841031	-1	0.01
14	4	0.5	Social	52	929	0.791173	0.0793326	-1	0.01
14	4	0.5	Social	53	834	0.646283	0.0646283	-1	0.01
14	4	0.5	Social	54	793	0.557377	0.0572509	136	0.01
14	4	0.5	Social	55	952	0.947479	0.0947479	-1	0.01
14	4	0.5	Social	56	882	0.760771	0.0760771	162	0.01
14	4	0.5	Social	57	885	0.731073	0.0746893	327	0.01
14	4	0.5	Social	58	800	0.62625	0.062625	115	0.01
14	4	0.5	Social	59	980	0.911224	0.0911224	-1	0.01
14	4	0.5	Social	60	900	0.676667	0.068	11	0.01
14	4	0.5	Social	61	916	0.765284	0.0769651	-1	0.01
14	4	0.5	Social	62	927	0.783172	0.0823085	31	0.01
14	4	0.5	Social	63	996	0.896586	0.0896586	-1	0.01
14	4	0.5	Social	64	915	0.73224	0.0744262	591	0.01
14	4	0.5	Social	65	912	0.816886	0.0838816	-1	0.01
14	4	0.5	Social	66	988	0.889676	0.0889676	-1	0.01
14	4	0.5	Social	67	898	0.767261	0.0767261	-1	0.01
14	4	0.5	Social	68	837	0.642772	0.0665472	-1	0.01
14	4	0.5	Social	69	962	0.872141	0.0872141	298	0.01
14	4	0.5	Social	70	920	0.773913	0.0803261	35	0.01
14	4	0.5	Social	71	920	0.806522	0.0811957	29	0.01
14	4	0.5	Social	72	894	0.758389	0.0758389	-1	0.01
14	4	0.5	Social	73	835	0.768862	0.0778443	9	0.01
14	4	0.5	Social	74	972	0.872428	0.0872428	-1	0.01
14	4	0.5	Social	75	852	0.698357	0.0701878	-1	0.01
14	4	0.5	Social	76	930	0.858065	0.0858065	64	0.01
14	4	0.5	Social	77	876	0.739726	0.0739726	95	0.01
14	4	0.5	Social	78	867	0.711649	0.072203	56	0.01
14	4	0.5	Social	79	955	0.810471	0.081466	-1	0.01
14	4	0.5	Social	80	913	0.760131	0.0801752	-1	0.01
14	4	0.5	Social	81	930	0.774194	0.0787097	-1	0.01
14	4	0.5	Social	82	844	0.611374	0.0623223	115	0.01
14	4	0.5	Social	83	915	0.839344	0.0839344	-1	0.01
14	4	0.5	Social	84	905	0.781215	0.0781215	-1	0.01
14	4	0.5	Social	85	916	0.742358	0.0742358	-1	0.01
14	4	0.5	Social	86	928	0.775862	0.0782328	88	0.01
14	4	0.5	Social	87	933	0.859593	0.0884244	-1	0.01
14	4	0.5	Social	88	994	0.910463	0.0910463	234	0.01
14	4	0.5	Social	89	943	0.698834	0.0811241	-1	0.01
14	4	0.5	Social	90	1012	0.914032	0.0916008	-1	0.01
14	4	0.5	Social	91	894	0.720358	0.0727069	-1	0.01
14	4	0.5	Social	92	874	0.704805	0.0704805	122	0.01
14	4	0.5	Social	93	872	0.75	0.075344	125	0.01
14	4	0.5	Social	94	878	0.715262	0.073918	140	0.01
14	4	0.5	Social	95	861	0.69338	0.069338	-1	0.01
14	4	0.5	Social	96	838	0.643198	0.0643198	8	0.01
14	4	0.5	Social	97	975	0.875897	0.0890256	5	0.01
14	4	0.5	Social	98	879	0.755404	0.0802048	-1	0.01
14	4	0.5	Social	99	925	0.768649	0.0776216	-1	0.01
15	4	0.5	Social	0	1009	0.785927	0.0800793	-1	0.01
15	4	0.5	Social	1	916	0.635371	0.0635371	58	0.01
15	4	0.5	Social	2	983	0.775178	0.0791455	692	0.01
15	4	0.5	Social	3	938	0.733475	0.073774	31	0.01
15	4	0.5	Social	4	769	0.36671	0.0464239	45	0.01
15	4	0.5	Social	5	947	0.793031	0.0793031	105	0.01
15	4	0.5	Social	6	955	0.691099	0.0691099	610	0.01
15	4	0.5	Social	7	938	0.662047	0.0662047	1798	0.01
15	4	0.5	Social	8	837	0.432497	0.0442055	-1	0.01
15	4	0.5	Social	9	950	0.655789	0.0655789	83	0.01
15	4	0.5	Social	10	897	0.472687	0.0627648	-1	0.01
15	4	0.5	Social	11	903	0.621262	0.0648948	-1	0.01
15	4	0.5	Social	12	900	0.628889	0.0631111	-1	0.01
15	4	0.5	Social	13	919	0.670294	0.0734494	-1	0.01
15	4	0.5	Social	14	940	0.781915	0.0781915	1504	0.01
15	4	0.5	Social	15	964	0.695021	0.0702282	-1	0.01
15	4	0.5	Social	16	898	0.619154	0.0646993	-1	0.01
15	4	0.5	Social	17	903	0.658915	0.0678848	26	0.01
15	4	0.5	Social	18	963	0.796469	0.0799585	73	0.01
15	4	0.5	Social	19	961	0.779396	0.0779396	-1	0.01
15	4	0.5	Social	20	787	0.466328	0.047141	8	0.01
15	4	0.5	Social	21	896	0.597098	0.0632812	-1	0.01
15	4	0.5	Social	22	1016	0.858268	0.0858268	50	0.01
15	4	0.5	Social	23	786	0.422392	0.0422392	-1	0.01
15	4	0.5	Social	24	907	0.703418	0.0703418	208	0.01
15	4	0.5	Social	25	897	0.637681	0.0641026	321	0.01
15	4	0.5	Social	26	990	0.778788	0.0778788	43	0.01
15	4	0.5	Social	27	906	0.602649	0.0621413	-1	0.01
15	4	0.5	Social	28	965	0.804145	0.0804145	-1	0.01
15	4	0.5	Social	29	971	0.775489	0.0779609	77	0.01
15	4	0.5	Social	30	982	0.741344	0.0786151	-1	0.01
15	4	0.5	Social	31	1026	0.804094	0.0812865	-1	0.01
15	4	0.5	Social	32	978	0.789366	0.0789366	-1	0.01
15	4	0.5	Social	33	963	0.708204	0.0709242	-1	0.01
15	4	0.5	Social	34	858	0.610723	0.0622378	-1	0.01
15	4	0.5	Social	35	941	0.77152	0.0777896	227	0.01
15	4	0.5	Social	36	898	0.583519	0.0632517	-1	0.01
15	4	0.5	Social	37	976	0.61373	0.069877	-1	0.01
15	4	0.5	Social	38	863	0.630359	0.0632677	135	0.01
15	4	0.5	Social	39	920	0.590217	0.0653261	139	0.01
15	4	0.5	Social	40	946	0.77907	0.077907	-1	0.01
15	4	0.5	Social	41	921	0.65038	0.065038	54	0.01
15	4	0.5	Social	42	913	0.536692	0.0558598	10	0.01
15	4	0.5	Social	43	990	0.829293	0.0845455	-1	0.01
15	4	0.5	Social	44	996	0.826305	0.0840361	55	0.01
15	4	0.5	Social	45	941	0.690755	0.0721573	420	0.01
15	4	0.5	Social	46	954	0.709644	0.0709644	48	0.01
15	4	0.5	Social	47	835	0.57006	0.0594012	76	0.01
15	4	0.5	Social	48	891	0.637486	0.0637486	15	0.01
15	4	0.5	Social	49	861	0.53194	0.0577236	115	0.01
15	4	0.5	Social	50	886	0.611738	0.0646727	-1	0.01
15	4	0.5	Social	51	934	0.70985	0.0743041	-1	0.01
15	4	0.5	Social	52	959	0.696559	0.0704901	53	0.01
15	4	0.5	Social	53	773	0.313066	0.0315653	-1	0.01
15	4	0.5	Social	54	869	0.543153	0.0546605	-1	0.01
15	4	0.5	Social	55	876	0.557078	0.05879	-1	0.01
15	4	0.5	Social	56	884	0.659502	0.0700226	273	0.01
15	4	0.5	Social	57	920	0.654348	0.0654348	-1	0.01
15	4	0.5	Social	58	767	0.392438	0.0431551	762	0.01
15	4	0.5	Social	59	1076	0.915428	0.0915428	-1	0.01
15	4	0.5	Social	60	997	0.718154	0.0838516	153	0.01
15	4	0.5	Social	61	953	0.706191	0.0734523	-1	0.01
15	4	0.5	Social	62	977	0.788127	0.0788127	19	0.01
15	4	0.5	Social	63	936	0.708333	0.0724359	-1	0.01
15	4	0.5	Social	64	902	0.703991	0.0703991	-1	0.01
15	4	0.5	Social	65	936	0.755342	0.0755342	-1	0.01
15	4	0.5	Social	66	956	0.766736	0.0769874	-1	0.01
15	4	0.5	Social	67	920	0.657609	0.0683696	-1	0.01
15	4	0.5	Social	68	909	0.676568	0.0676568	-1	0.01
15	4	0.5	Social	69	1013	0.806515	0.0806515	-1	0.01
15	4	0.5	Social	70	838	0.495227	0.0520286	-1	0.01
15	4	0.5	Social	71	912	0.64693	0.064693	-1	0.01
15	4	0.5	Social	72	927	0.682848	0.068932	203	0.01
15	4	0.5	Social	73	898	0.615813	0.0638085	291	0.01
15	4	0.5	Social	74	910	0.691209	0.0735165	55	0.01
15	4	0.5	Social	75	899	0.632925	0.067297	-1	0.01
15	4	0.5	Social	76	792	0.35101	0.0373737	-1	0.01
15	4	0.5	Social	77	838	0.579952	0.0579952	-1	0.01
15	4	0.5	Social	78	985	0.772589	0.077868	-1	0.01
15	4	0.5	Social	79	971	0.760041	0.076725	-1	0.01
15	4	0.5	Social	80	902	0.60643	0.0616408	-1	0.01
15	4	0.5	Social	81	868	0.481567	0.0543779	-1	0.01
15	4	0.5	Social	82	884	0.66629	0.066629	41	0.01
15	4	0.5	Social	83	943	0.657476	0.068929	12	0.01
15	4	0.5	Social	84	875	0.594286	0.0608	266	0.01
15	4	0.5	Social	85	888	0.666667	0.0679054	-1	0.01
15	4	0.5	Social	86	955	0.742408	0.0762304	-1	0.01
15	4	0.5	Social	87	1002	0.782435	0.0810379	-1	0.01
15	4	0.5	Social	88	845	0.543195	0.0553846	293	0.01
15	4	0.5	Social	89	890	0.582022	0.0642697	-1	0.01
15	4	0.5	Social	90	963	0.708204	0.0708204	-1	0.01
15	4	0.5	Social	91	929	0.689989	0.0689989	-1	0.01
15	4	0.5	Social	92	979	0.807967	0.0811032	101	0.01
15	4	0.5	Social	93	921	0.673181	0.0673181	335	0.01
15	4	0.5	Social	94	901	0.63596	0.063818	-1	0.01
15	4	0.5	Social	95	1073	0.755825	0.0869525	-1	0.01
15	4	0.5	Social	96	825	0.487273	0.0570909	1000	0.01
15	4	0.5	Social	97	996	0.78012	0.0788153	28	0.01
15	4	0.5	Social	98	906	0.587196	0.0646799	214	0.01
15	4	0.5	Social	99	955	0.680628	0.0680628	-1	0.01
16	4	0.5	Social	0	1011	0.600396	0.0666667	10	0.01
16	4	0.5	Social	1	919	0.515778	0.0603917	130	0.01
16	4	0.5	Social	2	901	0.504994	0.0504994	-1	0.01
16	4	0.5	Social	3	941	0.565356	0.0585547	-1	0.01
16	4	0.5	Social	4	981	0.621814	0.0634047	264	0.01
16	4	0.5	Social	5	834	0.388489	0.040048	145	0.01
16	4	0.5	Social	6	1080	0.812963	0.0816667	-1	0.01
16	4	0.5	Social	7	937	0.53682	0.0566702	182	0.01
16	4	0.5	Social	8	916	0.55786	0.0563319	317	0.01
16	4	0.5	Social	9	966	0.612836	0.0693582	203	0.01
16	4	0.5	Social	10	966	0.582816	0.0610766	-1	0.01
16	4	0.5	Social	11	1034	0.658607	0.0692456	-1	0.01
16	4	0.5	Social	12	909	0.567657	0.0576458	130	0.01
16	4	0.5	Social	13	977	0.632549	0.0640737	153	0.01
16	4	0.5	Social	14	908	0.460352	0.0505507	712	0.01
16	4	0.5	Social	15	996	0.654618	0.0672691	1493	0.01
16	4	0.5	Social	16	1103	0.769719	0.0786038	-1	0.01
16	4	0.5	Social	17	743	0.039031	0.0130552	-1	0.01
16	4	0.5	Social	18	931	0.609023	0.0613319	84	0.01
16	4	0.5	Social	19	934	0.562099	0.0603854	-1	0.01
16	4	0.5	Social	20	968	0.644628	0.065186	12	0.01
16	4	0.5	Social	21	981	0.66157	0.0696228	159	0.01
16	4	0.5	Social	22	777	0.196911	0.0203346	-1	0.01
16	4	0.5	Social	23	883	0.396376	0.0419026	713	0.01
16	4	0.5	Social	24	1039	0.716073	0.0756497	-1	0.01
16	4	0.5	Social	25	879	0.532423	0.05438	35	0.01
16	4	0.5	Social	26	835	0.232335	0.0295808	1305	0.01
16	4	0.5	Social	27	1018	0.666994	0.0688605	307	0.01
16	4	0.5	Social	28	911	0.499451	0.0514819	150	0.01
16	4	0.5	Social	29	978	0.717791	0.0717791	-1	0.01
16	4	0.5	Social	30	905	0.40884	0.0500552	790	0.01
16	4	0.5	Social	31	906	0.527594	0.053532	18	0.01
16	4	0.5	Social	32	835	0.313772	0.0402395	-1	0.01
16	4	0.5	Social	33	873	0.436426	0.044559	299	0.01
16	4	0.5	Social	34	831	0.336943	0.0379061	156	0.01
16	4	0.5	Social	35	1015	0.68867	0.0700493	457	0.01
16	4	0.5	Social	36	904	0.529867	0.0534292	40	0.01
16	4	0.5	Social	37	927	0.555556	0.0596548	121	0.01
16	4	0.5	Social	38	911	0.512623	0.0521405	-1	0.01
16	4	0.5	Social	39	917	0.459106	0.0535442	-1	0.01
16	4	0.5	Social	40	965	0.559585	0.0585492	18	0.01
16	4	0.5	Social	41	996	0.631526	0.0657631	225	0.01
16	4	0.5	Social	42	938	0.491471	0.0529851	345	0.01
16	4	0.5	Social	43	877	0.489168	0.0489168	4173	0.01
16	4	0.5	Social	44	896	0.508929	0.0555804	4164	0.01
16	4	0.5	Social	45	846	0.404255	0.0419622	-1	0.01
16	4	0.5	Social	46	1032	0.733527	0.0733527	445	0.01
16	4	0.5	Social	47	941	0.60255	0.0626993	-1	0.01
16	4	0.5	Social	48	882	0.377551	0.044898	-1	0.01
16	4	0.5	Social	49	922	0.55423	0.0600868	1728	0.01
16	4	0.5	Social	50	921	0.528773	0.0549403	125	0.01
16	4	0.5	Social	51	776	0.300258	0.0318299	3566	0.01
16	4	0.5	Social	52	862	0.329466	0.0412993	123	0.01
16	4	0.5	Social	53	973	0.602261	0.0655704	-1	0.01
16	4	0.5	Social	54	825	0.357576	0.04	212	0.01
16	4	0.5	Social	55	939	0.553781	0.0609159	34	0.01
16	4	0.5	Social	56	1059	0.761095	0.0803588	-1	0.01
16	4	0.5	Social	57	945	0.568254	0.061164	-1	0.01
16	4	0.5	Social	58	915	0.508197	0.0637158	1406	0.01
16	4	0.5	Social	59	912	0.489035	0.0528509	-1	0.01
16	4	0.5	Social	60	1049	0.665396	0.0665396	6	0.01
16	4	0.5	Social	61	799	0.28786	0.0347935	64	0.01
16	4	0.5	Social	62	812	0.353448	0.0392857	185	0.01
16	4	0.5	Social	63	768	0.0833333	0.0233073	-1	0.01
16	4	0.5	Social	64	957	0.440961	0.0470219	2136	0.01
16	4	0.5	Social	65	842	0.380048	0.0425178	62	0.01
16	4	0.5	Social	66	940	0.623404	0.0660638	-1	0.01
16	4	0.5	Social	67	923	0.512459	0.0517876	438	0.01
16	4	0.5	Social	68	911	0.554336	0.0577387	6	0.01
16	4	0.5	Social	69	990	0.636364	0.0660606	100	0.01
16	4	0.5	Social	70	985	0.699492	0.0699492	3856	0.01
16	4	0.5	Social	71	980	0.668367	0.0686735	437	0.01
16	4	0.5	Social	72	1003	0.710867	0.0732802	-1	0.01
16	4	0.5	Social	73	914	0.559081	0.0559081	39	0.01
16	4	0.5	Social	74	983	0.591048	0.0707019	982	0.01
16	4	0.5	Social	75	945	0.584127	0.0592593	-1	0.01
16	4	0.5	Social	76	951	0.640379	0.064143	-1	0.01
16	4	0.5	Social	77	803	0.26401	0.0267746	-1	0.01
16	4	0.5	Social	78	1044	0.573755	0.0681034	-1	0.01
16	4	0.5	Social	79	1004	0.624502	0.0648406	142	0.01
16	4	0.5	Social	80	967	0.607032	0.0627715	179	0.01
16	4	0.5	Social	81	910	0.514286	0.0524176	-1	0.01
16	4	0.5	Social	82	940	0.584043	0.0590426	-1	0.01
16	4	0.5	Social	83	931	0.645542	0.0656284	82	0.01
16	4	0.5	Social	84	936	0.521368	0.0521368	-1	0.01
16	4	0.5	Social	85	974	0.536961	0.0666324	67	0.01
16	4	0.5	Social	86	867	0.500577	0.0504037	353	0.01
16	4	0.5	Social	87	1043	0.688399	0.0688399	-1	0.01
16	4	0.5	Social	88	926	0.574514	0.0615551	-1	0.01
16	4	0.5	Social	89	955	0.543455	0.0563351	-1	0.01
16	4	0.5	Social	90	920	0.496739	0.051413	901	0.01
16	4	0.5	Social	91	882	0.45805	0.0471655	306	0.01
16	4	0.5	Social	92	1004	0.763944	0.0763944	-1	0.01
16	4	0.5	Social	93	894	0.474273	0.05	51	0.01
16	4	0.5	Social	94	847	0.434475	0.0451004	-1	0.01
16	4	0.5	Social	95	979	0.544433	0.0607763	731	0.01
16	4	0.5	Social	96	854	0.521077	0.0551522	-1	0.01
16	4	0.5	Social	97	962	0.652807	0.0712058	-1	0.01
16	4	0.5	Social	98	805	0.291925	0.0301863	-1	0.01
16	4	0.5	Social	99	905	0.58232	0.059558	-1	0.01
17	4	0.5	Social	0	848	0.201651	0.0257075	-1	0.01
17	4	0.5	Social	1	908	0.412996	0.0414097	3683	0.01
17	4	0.5	Social	2	1006	0.638171	0.0666998	2955	0.01
17	4	0.5	Social	3	930	0.452688	0.048172	-1	0.01
17	4	0.5	Social	4	804	0.257463	0.0283582	183	0.01
17	4	0.5	Social	5	977	0.520983	0.0527124	405	0.01
17	4	0.5	Social	6	1038	0.550096	0.056262	20	0.01
17	4	0.5	Social	7	827	0.174123	0.025393	-1	0.01
17	4	0.5	Social	8	900	0.353333	0.0393333	-1	0.01
17	4	0.5	Social	9	791	0.0821745	0.0164349	-1	0.01
17	4	0.5	Social	10	909	0.39934	0.0415842	1062	0.01
17	4	0.5	Social	11	878	0.32574	0.0333713	-1	0.01
17	4	0.5	Social	12	979	0.54954	0.054954	402	0.01
17	4	0.5	Social	13	947	0.38754	0.0405491	586	0.01
17	4	0.5	Social	14	923	0.378115	0.0399783	-1	0.01
17	4	0.5	Social	15	915	0.502732	0.0502732	-1	0.01
17	4	0.5	Social	16	901	0.36737	0.0411765	5135	0.01
17	4	0.5	Social	17	805	0.0645963	0.02	19	0.01
17	4	0.5	Social	18	794	0.0528967	0.00692695	9830	0.01
17	4	0.5	Social	19	913	0.409639	0.0419496	334	0.01
17	4	0.5	Social	20	874	0.263158	0.026659	293	0.01
17	4	0.5	Social	21	855	0.433918	0.0472515	3259	0.01
17	4	0.5	Social	22	971	0.497425	0.0574665	5931	0.01
17	4	0.5	Social	23	945	0.478307	0.0489947	182	0.01
17	4	0.5	Social	24	971	0.492276	0.0492276	-1	0.01
17	4	0.5	Social	25	929	0.342304	0.0409042	35	0.01
17	4	0.5	Social	26	969	0.49742	0.0520124	-1	0.01
17	4	0.5	Social	27	953	0.475341	0.049213	4503	0.01
17	4	0.5	Social	28	1056	0.631629	0.0631629	621	0.01
17	4	0.5	Social	29	986	0.547667	0.0592292	56	0.01
17	4	0.5	Social	30	799	0.0588235	0.0118899	158	0.01
17	4	0.5	Social	31	896	0.243304	0.0503348	6852	0.01
17	4	0.5	Social	32	920	0.43913	0.0443478	-1	0.01
17	4	0.5	Social	33	909	0.530253	0.0536854	-1	0.01
17	4	0.5	Social	34	975	0.352821	0.0428718	38	0.01
17	4	0.5	Social	35	882	0.227891	0.0373016	-1	0.01
17	4	0.5	Social	36	763	0.0235911	0.00655308	7876	0.01
17	4	0.5	Social	37	845	0.243787	0.0253254	4247	0.01
17	4	0.5	Social	38	978	0.548057	0.0596115	13	0.01
17	4	0.5	Social	39	1027	0.565725	0.0617332	2024	0.01
17	4	0.5	Social	40	911	0.362239	0.0401756	-1	0.01
17	4	0.5	Social	41	924	0.19697	0.0338745	1736	0.01
17	4	0.5	Social	42	813	0.0639606	0.00910209	-1	0.01
17	4	0.5	Social	43	959	0.53806	0.0563087	16	0.01
17	4	0.5	Social	44	866	0.308314	0.034873	2792	0.01
17	4	0.5	Social	45	971	0.38208	0.046138	184	0.01
17	4	0.5	Social	46	880	0.280682	0.0292045	8392	0.01
17	4	0.5	Social	47	916	0.302402	0.0401747	-1	0.01
17	4	0.5	Social	48	877	0.326112	0.0416192	197	0.01
17	4	0.5	Social	49	848	0.334906	0.0365566	2101	0.01
17	4	0.5	Social	50	927	0.435814	0.0443366	1277	0.01
17	4	0.5	Social	51	921	0.35722	0.0402823	-1	0.01
17	4	0.5	Social	52	936	0.419872	0.0461538	8430	0.01
17	4	0.5	Social	53	948	0.398734	0.0429325	-1	0.01
17	4	0.5	Social	54	808	0.0767327	0.0183168	-1	0.01
17	4	0.5	Social	55	770	0.102597	0.0102597	-1	0.01
17	4	0.5	Social	56	955	0.453403	0.048377	-1	0.01
17	4	0.5	Social	57	969	0.54386	0.0568627	989	0.01
17	4	0.5	Social	58	931	0.414608	0.0414608	1915	0.01
17	4	0.5	Social	59	910	0.465934	0.0469231	-1	0.01
17	4	0.5	Social	60	973	0.59815	0.0610483	48	0.01
17	4	0.5	Social	61	807	0.187113	0.0223048	687	0.01
17	4	0.5	Social	62	881	0.290579	0.0350738	584	0.01
17	4	0.5	Social	63	816	0.0294118	0.0147059	810	0.01
17	4	0.5	Social	64	913	0.430449	0.0456736	-1	0.01
17	4	0.5	Social	65	963	0.450675	0.0479751	-1	0.01
17	4	0.5	Social	66	987	0.537994	0.0537994	-1	0.01
17	4	0.5	Social	67	967	0.535677	0.0558428	-1	0.01
17	4	0.5	Social	68	831	0.322503	0.0403129	-1	0.01
17	4	0.5	Social	69	880	0.364773	0.0385227	92	0.01
17	4	0.5	Social	70	897	0.324415	0.0375697	3276	0.01
17	4	0.5	Social	71	907	0.362734	0.0417861	106	0.01
17	4	0.5	Social	72	988	0.525304	0.0598178	-1	0.01
17	4	0.5	Social	73	954	0.480084	0.0483229	1854	0.01
17	4	0.5	Social	74	881	0.275823	0.0362089	-1	0.01
17	4	0.5	Social	75	982	0.550916	0.0553971	-1	0.01
17	4	0.5	Social	76	935	0.371123	0.0426738	1027	0.01
17	4	0.5	Social	77	860	0.283721	0.0286047	-1	0.01
17	4	0.5	Social	78	1023	0.557185	0.0558162	622	0.01
17	4	0.5	Social	79	899	0.212458	0.0484983	669	0.01
17	4	0.5	Social	80	853	0.310668	0.0310668	529	0.01
17	4	0.5	Social	81	959	0.45464	0.051512	-1	0.01
17	4	0.5	Social	82	905	0.39337	0.0439779	554	0.01
17	4	0.5	Social	83	928	0.419181	0.0435345	321	0.01
17	4	0.5	Social	84	891	0.40404	0.0426487	5485	0.01
17	4	0.5	Social	85	958	0.503132	0.0503132	23	0.01
17	4	0.5	Social	86	909	0.39604	0.0410341	-1	0.01
17	4	0.5	Social	87	970	0.441237	0.0486598	500	0.01
17	4	0.5	Social	88	918	0.425926	0.0425926	-1	0.01
17	4	0.5	Social	89	1004	0.518924	0.052988	75	0.01
17	4	0.5	Social	90	920	0.445652	0.0452174	141	0.01
17	4	0.5	Social	91	948	0.477848	0.0509494	60	0.01
17	4	0.5	Social	92	958	0.516701	0.0519833	22	0.01
17	4	0.5	Social	93	895	0.339665	0.0339665	375	0.01
17	4	0.5	Social	94	865	0.234682	0.0322543	4	0.01
17	4	0.5	Social	95	955	0.47644	0.0509948	422	0.01
17	4	0.5	Social	96	909	0.407041	0.0443344	9156	0.01
17	4	0.5	Social	97	913	0.412924	0.0476451	204	0.01
17	4	0.5	Social	98	898	0.371938	0.0380846	2806	0.01
17	4	0.5	Social	99	974	0.485626	0.0491786	1916	0.01
18	4	0.5	Social	0	839	0.168057	0.0187128	-1	0.01
18	4	0.5	Social	1	814	0.0552826	0.0167076	1376	0.01
18	4	0.5	Social	2	823	0.154313	0.0172539	8033	0.01
18	4	0.5	Social	3	932	0.346567	0.0351931	22	0.01
18	4	0.5	Social	4	782	0.0677749	0.00895141	9668	0.01
18	4	0.5	Social	5	957	0.295716	0.0341693	2520	0.01
18	4	0.5	Social	6	882	0.0238095	0.00782313	3923	0.01
18	4	0.5	Social	7	871	0.171068	0.019977	6301	0.01
18	4	0.5	Social	8	927	0.247033	0.0338727	767	0.01
18	4	0.5	Social	9	812	0.0123153	0.00899015	3771	0.01
18	4	0.5	Social	10	929	0.218515	0.031324	-1	0.01
18	4	0.5	Social	11	835	0.0419162	0.014491	4005	0.01
18	4	0.5	Social	12	1032	0.431202	0.0552326	6690	0.01
18	4	0.5	Social	13	843	0.293001	0.0328588	6586	0.01
18	4	0.5	Social	14	957	0.411703	0.0434692	7759	0.01
18	4	0.5	Social	15	855	0.0982456	0.0122807	8533	0.01
18	4	0.5	Social	16	801	0.0249688	0.00661673	9412	0.01
18	4	0.5	Social	17	920	0.191304	0.0245652	5026	0.01
18	4	0.5	Social	18	920	0.232609	0.0265217	9142	0.01
18	4	0.5	Social	19	864	0.163194	0.0171296	-1	0.01
18	4	0.5	Social	20	939	0.339723	0.0349308	8270	0.01
18	4	0.5	Social	21	1012	0.468379	0.0570158	8126	0.01
18	4	0.5	Social	22	816	0.00735294	0.00379902	9936	0.01
18	4	0.5	Social	23	888	0.170045	0.0220721	5689	0.01
18	4	0.5	Social	24	905	0.198895	0.0295028	4864	0.01
18	4	0.5	Social	25	825	0.141818	0.0202424	3450	0.01
18	4	0.5	Social	26	866	0.136259	0.0241339	1094	0.01
18	4	0.5	Social	27	879	0.295791	0.0318544	5388	0.01
18	4	0.5	Social	28	1024	0.439453	0.0443359	3786	0.01
18	4	0.5	Social	29	1134	0.678131	0.0694004	159	0.01
18	4	0.5	Social	30	795	0.0754717	0.011195	291	0.01
18	4	0.5	Social	31	902	0.178492	0.0198448	2769	0.01
18	4	0.5	Social	32	875	0.179429	0.0188571	9435	0.01
18	4	0.5	Social	33	996	0.451807	0.0462851	7223	0.01
18	4	0.5	Social	34	829	0.103739	0.0106152	3029	0.01
18	4	0.5	Social	35	959	0.351408	0.0368092	7893	0.01
18	4	0.5	Social	36	1002	0.298403	0.0330339	8733	0.01
18	4	0.5	Social	37	914	0.328228	0.0339168	7063	0.01
18	4	0.5	Social	38	851	0.0752056	0.0199765	9182	0.01
18	4	0.5	Social	39	836	0.17823	0.0222488	2441	0.01
18	4	0.5	Social	40	862	0.112529	0.0174014	7923	0.01
18	4	0.5	Social	41	913	0.191676	0.0304491	5218	0.01
18	4	0.5	Social	42	954	0.341719	0.0408805	3828	0.01
18	4	0.5	Social	43	897	0.167224	0.0229654	-1	0.01
18	4	0.5	Social	44	945	0.141799	0.0259259	9737	0.01
18	4	0.5	Social	45	960	0.348958	0.0353125	302	0.01
18	4	0.5	Social	46	809	0.0407911	0.00457355	8523	0.01
18	4	0.5	Social	47	991	0.441978	0.0454087	117	0.01
18	4	0.5	Social	48	816	0.0416667	0.0131127	9141	0.01
18	4	0.5	Social	49	965	0.370984	0.0418653	5373	0.01
18	4	0.5	Social	50	942	0.363057	0.0378981	3536	0.01
18	4	0.5	Social	51	1007	0.450844	0.0515392	-1	0.01
18	4	0.5	Social	52	892	0.126682	0.0278027	4626	0.01
18	4	0.5	Social	53	940	0.364894	0.0371277	713	0.01
18	4	0.5	Social	54	843	0.0260973	0.0106762	9893	0.01
18	4	0.5	Social	55	884	0.165158	0.0180995	465	0.01
18	4	0.5	Social	56	954	0.334382	0.0351153	4886	0.01
18	4	0.5	Social	57	998	0.277555	0.0487976	8439	0.01
18	4	0.5	Social	58	889	0.146232	0.0165354	3521	0.01
18	4	0.5	Social	59	858	0.0769231	0.00955711	8468	0.01
18	4	0.5	Social	60	969	0.415893	0.0431373	821	0.01
18	4	0.5	Social	61	1074	0.628492	0.0646182	6880	0.01
18	4	0.5	Social	62	927	0.292341	0.0331176	6332	0.01
18	4	0.5	Social	63	959	0.380605	0.0398332	5953	0.01
18	4	0.5	Social	64	960	0.34375	0.039375	165	0.01
18	4	0.5	Social	65	970	0.341237	0.0370103	7530	0.01
18	4	0.5	Social	66	970	0.360825	0.0445361	83	0.01
18	4	0.5	Social	67	843	0.0652432	0.0145907	8163	0.01
18	4	0.5	Social	68	919	0.319913	0.0355822	7706	0.01
18	4	0.5	Social	69	897	0.254181	0.025864	1019	0.01
18	4	0.5	Social	70	996	0.453815	0.0518072	1857	0.01
18	4	0.5	Social	71	903	0.255814	0.0300111	8197	0.01
18	4	0.5	Social	72	936	0.333333	0.0344017	6131	0.01
18	4	0.5	Social	73	995	0.483417	0.0492462	6068	0.01
18	4	0.5	Social	74	899	0.265851	0.030812	1277	0.01
18	4	0.5	Social	75	830	0.0951807	0.0195181	1514	0.01
18	4	0.5	Social	76	870	0.22069	0.0248276	8235	0.01
18	4	0.5	Social	77	943	0.21315	0.040403	688	0.01
18	4	0.5	Social	78	1022	0.386497	0.0505871	5286	0.01
18	4	0.5	Social	79	867	0.149942	0.0189158	8068	0.01
18	4	0.5	Social	80	1043	0.477469	0.0488015	8246	0.01
18	4	0.5	Social	81	851	0.163337	0.0173913	2835	0.01
18	4	0.5	Social	82	892	0.206278	0.0234305	8850	0.01
18	4	0.5	Social	83	940	0.319149	0.0397872	-1	0.01
18	4	0.5	Social	84	930	0.154839	0.024086	7525	0.01
18	4	0.5	Social	85	795	0.00377358	0.000628931	-1	0.01
18	4	0.5	Social	86	814	0.0110565	0.00687961	9149	0.01
18	4	0.5	Social	87	908	0.25	0.0278634	3946	0.01
18	4	0.5	Social	88	850	0.0952941	0.0163529	2564	0.01
18	4	0.5	Social	89	845	0.0449704	0.00804734	21	0.01
18	4	0.5	Social	90	977	0.432958	0.044217	754	0.01
18	4	0.5	Social	91	858	0.20979	0.0224942	3452	0.01
18	4	0.5	Social	92	976	0.348361	0.0373975	722	0.01
18	4	0.5	Social	93	900	0.297778	0.0311111	-1	0.01
18	4	0.5	Social	94	978	0.452965	0.0470348	42	0.01
18	4	0.5	Social	95	914	0.310722	0.0327133	1492	0.01
18	4	0.5	Social	96	822	0.0425791	0.00985401	4022	0.01
18	4	0.5	Social	97	999	0.481481	0.0481481	2846	0.01
18	4	0.5	Social	98	969	0.340557	0.0414861	839	0.01
18	4	0.5	Social	99	917	0.34024	0.034133	4612	0.01
19	4	0.5	Social	0	860	0.0174419	0.00174419	6611	0.01
19	4	0.5	Social	1	892	0.0269058	0.0116592	5715	0.01
19	4	0.5	Social	2	931	0.135338	0.0155747	9045	0.01
19	4	0.5	Social	3	953	0.196222	0.0210913	8889	0.01
19	4	0.5	Social	4	853	0.0363423	0.0084408	6445	0.01
19	4	0.5	Social	5	865	0.0265896	0.00554913	9345	0.01
19	4	0.5	Social	6	861	0.010453	0.00197445	8506	0.01
19	4	0.5	Social	7	1025	0.300488	0.0352195	5919	0.01
19	4	0.5	Social	8	960	0.182292	0.0320833	9198	0.01
19	4	0.5	Social	9	964	0.366183	0.0366183	5901	0.01
19	4	0.5	Social	10	882	0.0102041	0.0053288	-1	0.01
19	4	0.5	Social	11	939	0.261981	0.027902	5985	0.01
19	4	0.5	Social	12	884	0.111991	0.0111991	8579	0.01
19	4	0.5	Social	13	925	0.219459	0.0219459	3028	0.01
19	4	0.5	Social	14	840	0.00952381	0.00428571	9341	0.01
19	4	0.5	Social	15	962	0.174636	0.0221414	8000	0.01
19	4	0.5	Social	16	1026	0.335283	0.0366472	7490	0.01
19	4	0.5	Social	17	1016	0.308071	0.0330709	9127	0.01
19	4	0.5	Social	18	964	0.313278	0.0328838	4741	0.01
19	4	0.5	Social	19	886	0.0632054	0.0218962	4634	0.01
19	4	0.5	Social	20	882	0.00226757	0.00147392	5457	0.01
19	4	0.5	Social	21	867	0.0219146	0.00645905	9123	0.01
19	4	0.5	Social	22	895	0.0692737	0.0185475	9673	0.01
19	4	0.5	Social	23	857	0.00233372	0.00105018	9899	0.01
19	4	0.5	Social	24	878	0.047836	0.0123007	-1	0.01
19	4	0.5	Social	25	917	0.17121	0.017121	8520	0.01
19	4	0.5	Social	26	976	0.216189	0.029918	9379	0.01
19	4	0.5	Social	27	842	0.0118765	0.00510689	9942	0.01
19	4	0.5	Social	28	847	0.00472255	0.00247934	7690	0.01
19	4	0.5	Social	29	1001	0.287712	0.0397602	6825	0.01
19	4	0.5	Social	30	897	0.140468	0.0167224	9682	0.01
19	4	0.5	Social	31	839	0.022646	0.0034565	9497	0.01
19	4	0.5	Social	32	824	0.00970874	0.00279126	6173	0.01
19	4	0.5	Social	33	940	0.0819149	0.0181915	7008	0.01
19	4	0.5	Social	34	864	0.0543981	0.00914352	2943	0.01
19	4	0.5	Social	35	879	0.0375427	0.0076223	9353	0.01
19	4	0.5	Social	36	1044	0.454023	0.0474138	5366	0.01
19	4	0.5	Social	37	870	0.0183908	0.00356322	9971	0.01
19	4	0.5	Social	38	1076	0.457249	0.0466543	7852	0.01
19	4	0.5	Social	39	884	0.0678733	0.0159502	9644	0.01
19	4	0.5	Social	40	880	0.00795455	0.00420455	9654	0.01
19	4	0.5	Social	41	921	0.119435	0.0148751	3311	0.01
19	4	0.5	Social	42	880	0.0227273	0.00943182	9194	0.01
19	4	0.5	Social	43	867	0.0922722	0.0147636	5785	0.01
19	4	0.5	Social	44	896	0.0345982	0.0116071	8681	0.01
19	4	0.5	Social	45	875	0.0514286	0.0113143	9193	0.01
19	4	0.5	Social	46	911	0.00768386	0.001427	7286	0.01
19	4	0.5	Social	47	861	0.0162602	0.00592334	9973	0.01
19	4	0.5	Social	48	905	0.104972	0.0179006	1334	0.01
19	4	0.5	Social	49	893	0.0828667	0.0106383	8046	0.01
19	4	0.5	Social	50	963	0.201454	0.0273105	-1	0.01
19	4	0.5	Social	51	856	0.0303738	0.0102804	9910	0.01
19	4	0.5	Social	52	926	0.195464	0.0241901	4377	0.01
19	4	0.5	Social	53	850	0.0847059	0.0152941	5412	0.01
19	4	0.5	Social	54	887	0.0180383	0.00394589	9304	0.01
19	4	0.5	Social	55	1001	0.21978	0.0313686	3216	0.01
19	4	0.5	Social	56	969	0.180599	0.0223942	7438	0.01
19	4	0.5	Social	57	951	0.218717	0.0246057	515	0.01
19	4	0.5	Social	58	875	0.0102857	0.00205714	9917	0.01
19	4	0.5	Social	59	872	0.104358	0.015711	9395	0.01
19	4	0.5	Social	60	982	0.0753564	0.0234216	9675	0.01
19	4	0.5	Social	61	849	0.0153121	0.00636042	7993	0.01
19	4	0.5	Social	62	956	0.302301	0.0312762	5569	0.01
19	4	0.5	Social	63	911	0.0878156	0.012843	2572	0.01
19	4	0.5	Social	64	868	0.0426267	0.00714286	3902	0.01
19	4	0.5	Social	65	908	0.0517621	0.0178414	9274	0.01
19	4	0.5	Social	66	868	0.0483871	0.0112903	9528	0.01
19	4	0.5	Social	67	876	0.0182648	0.010274	8651	0.01
19	4	0.5	Social	68	990	0.253535	0.0287879	9339	0.01
19	4	0.5	Social	69	884	0.071267	0.0123303	7395	0.01
19	4	0.5	Social	70	814	0.0135135	0.00405405	9827	0.01
19	4	0.5	Social	71	923	0.178765	0.023402	8272	0.01
19	4	0.5	Social	72	851	0.0235018	0.00517039	9753	0.01
19	4	0.5	Social	73	867	0.0103806	0.00299885	8568	0.01
19	4	0.5	Social	74	830	0.0216867	0.0107229	9942	0.01
19	4	0.5	Social	75	840	0.0214286	0.00916667	9945	0.01
19	4	0.5	Social	76	949	0.202318	0.0243414	6571	0.01
19	4	0.5	Social	77	1030	0.413592	0.0434951	8824	0.01
19	4	0.5	Social	78	952	0.0619748	0.0244748	9764	0.01
19	4	0.5	Social	79	832	0.078125	0.00961538	8949	0.01
19	4	0.5	Social	80	923	0.247021	0.0257855	2740	0.01
19	4	0.5	Social	81	953	0.149003	0.0278069	3193	0.01
19	4	0.5	Social	82	837	0.0262843	0.00979689	9699	0.01
19	4	0.5	Social	83	971	0.221421	0.0291452	9116	0.01
19	4	0.5	Social	84	871	0.0195178	0.00401837	9939	0.01
19	4	0.5	Social	85	962	0.247401	0.027027	7637	0.01
19	4	0.5	Social	86	899	0.0522803	0.016129	9147	0.01
19	4	0.5	Social	87	954	0.280922	0.033543	8152	0.01
19	4	0.5	Social	88	860	0.0174419	0.0094186	3355	0.01
19	4	0.5	Social	89	852	0.0129108	0.00669014	674	0.01
19	4	0.5	Social	90	859	0.00814901	0.00174622	8563	0.01
19	4	0.5	Social	91	973	0.26927	0.034224	7191	0.01
19	4	0.5	Social	92	914	0.0284464	0.00864333	9820	0.01
19	4	0.5	Social	93	910	0.212088	0.0234066	5542	0.01
19	4	0.5	Social	94	872	0	0	9999	0.01
19	4	0.5	Social	95	864	0.00231481	0.00138889	9914	0.01
19	4	0.5	Social	96	997	0.278837	0.0372116	9037	0.01
19	4	0.5	Social	97	888	0.0101351	0.00439189	5008	0.01
19	4	0.5	Social	98	836	0.0334928	0.00717703	9244	0.01
19	4	0.5	Social	99	909	0.00880088	0.00308031	9630	0.01
20	4	0.5	Social	0	1057	0.251656	0.0336802	9735	0.01
20	4	0.5	Social	1	908	0	0	9999	0.01
20	4	0.5	Social	2	838	0.00238663	0.00190931	9996	0.01
20	4	0.5	Social	3	947	0.0506864	0.0117212	5717	0.01
20	4	0.5	Social	4	891	0.0157127	0.00785634	9733	0.01
20	4	0.5	Social	5	925	0.00972973	0.00281081	7404	0.01
20	4	0.5	Social	6	955	0.13822	0.0173822	8458	0.01
20	4	0.5	Social	7	941	0.0945802	0.0176408	9805	0.01
20	4	0.5	Social	8	956	0.0209205	0.00638075	9056	0.01
20	4	0.5	Social	9	1045	0.289952	0.0295694	7343	0.01
20	4	0.5	Social	10	1003	0.165503	0.0210369	8460	0.01
20	4	0.5	Social	11	999	0.218218	0.0246246	9529	0.01
20	4	0.5	Social	12	918	0.00762527	0.00348584	9833	0.01
20	4	0.5	Social	13	938	0.0458422	0.00554371	8797	0.01
20	4	0.5	Social	14	930	0.0397849	0.0130108	9662	0.01
20	4	0.5	Social	15	1041	0.205572	0.0267051	8972	0.01
20	4	0.5	Social	16	981	0.137615	0.0159021	9307	0.01
20	4	0.5	Social	17	929	0.00430571	0.00129171	7326	0.01
20	4	0.5	Social	18	969	0.174407	0.0231166	8703	0.01
20	4	0.5	Social	19	1015	0.246305	0.0307389	4772	0.01
20	4	0.5	Social	20	987	0.242148	0.0291793	8987	0.01
20	4	0.5	Social	21	912	0.0745614	0.0138158	9759	0.01
20	4	0.5	Social	22	898	0.0478842	0.00723831	9338	0.01
20	4	0.5	Social	23	862	0.0220418	0.00545244	6482	0.01
20	4	0.5	Social	24	977	0.0972364	0.0157625	9278	0.01
20	4	0.5	Social	25	879	0.0375427	0.0109215	9913	0.01
20	4	0.5	Social	26	953	0.0503673	0.0172088	9795	0.01
20	4	0.5	Social	27	984	0.0599593	0.011687	9555	0.01
20	4	0.5	Social	28	914	0.0995624	0.012035	8973	0.01
20	4	0.5	Social	29	940	0.103191	0.0117021	9375	0.01
20	4	0.5	Social	30	899	0.0100111	0.00489433	9985	0.01
20	4	0.5	Social	31	879	0.0250284	0.00671217	9685	0.01
20	4	0.5	Social	32	982	0.192464	0.0197556	8405	0.01
20	4	0.5	Social	33	892	0.0190583	0.00325112	9269	0.01
20	4	0.5	Social	34	923	0.0119177	0.00866739	9977	0.01
20	4	0.5	Social	35	936	0.0202991	0.00737179	8855	0.01
20	4	0.5	Social	36	901	0.0432852	0.00810211	9563	0.01
20	4	0.5	Social	37	977	0.108495	0.0145343	7791	0.01
20	4	0.5	Social	38	1026	0.189084	0.0252437	8687	0.01
20	4	0.5	Social	39	941	0.00956429	0.00435707	9488	0.01
20	4	0.5	Social	40	942	0.00636943	0.00201699	7856	0.01
20	4	0.5	Social	41	1028	0.202335	0.0268482	8741	0.01
20	4	0.5	Social	42	901	0.00665927	0.00443951	9991	0.01
20	4	0.5	Social	43	960	0.172917	0.0185417	6707	0.01
20	4	0.5	Social	44	945	0.0306878	0.0114286	9748	0.01
20	4	0.5	Social	45	954	0.0513627	0.0156184	9194	0.01
20	4	0.5	Social	46	961	0.0874089	0.0199792	7378	0.01
20	4	0.5	Social	47	908	0.00660793	0.0030837	9319	0.01
20	4	0.5	Social	48	1035	0.320773	0.0364251	6563	0.01
20	4	0.5	Social	49	1044	0.124521	0.0310345	9398	0.01
20	4	0.5	Social	50	909	0.00440044	0.00275028	8980	0.01
20	4	0.5	Social	51	1011	0.109792	0.0239367	7342	0.01
20	4	0.5	Social	52	888	0.018018	0.00315315	9833	0.01
20	4	0.5	Social	53	900	0.0122222	0.00388889	9290	0.01
20	4	0.5	Social	54	916	0.018559	0.0104803	9793	0.01
20	4	0.5	Social	55	909	0.00330033	0.00154015	9979	0.01
20	4	0.5	Social	56	951	0.022082	0.0130389	9067	0.01
20	4	0.5	Social	57	911	0.0153677	0.00340285	9737	0.01
20	4	0.5	Social	58	909	0.0110011	0.00737074	9402	0.01
20	4	0.5	Social	59	929	0.00968784	0.00635091	9935	0.01
20	4	0.5	Social	60	926	0.0237581	0.00723542	4726	0.01
20	4	0.5	Social	61	965	0.0393782	0.0145078	9705	0.01
20	4	0.5	Social	62	878	0.0022779	0.0022779	8800	0.01
20	4	0.5	Social	63	908	0.00770925	0.00462555	9968	0.01
20	4	0.5	Social	64	976	0.171107	0.0210041	7693	0.01
20	4	0.5	Social	65	895	0.00446927	0.000893855	9610	0.01
20	4	0.5	Social	66	918	0.0555556	0.00718954	9926	0.01
20	4	0.5	Social	67	902	0.00886918	0.00354767	9338	0.01
20	4	0.5	Social	68	1015	0.0896552	0.0235468	9873	0.01
20	4	0.5	Social	69	980	0.0734694	0.015	9402	0.01
20	4	0.5	Social	70	861	0.0139373	0.00255517	9731	0.01
20	4	0.5	Social	71	877	0.0216648	0.00649943	4233	0.01
20	4	0.5	Social	72	945	0.0719577	0.00888889	9657	0.01
20	4	0.5	Social	73	1030	0.370874	0.038835	8095	0.01
20	4	0.5	Social	74	933	0.0503751	0.0111468	7999	0.01
20	4	0.5	Social	75	1020	0.0745098	0.0230392	9160	0.01
20	4	0.5	Social	76	912	0.0625	0.0123904	9390	0.01
20	4	0.5	Social	77	906	0.0364238	0.00540839	9356	0.01
20	4	0.5	Social	78	904	0.00331858	0.00232301	9452	0.01
20	4	0.5	Social	79	1009	0.160555	0.0268583	9532	0.01
20	4	0.5	Social	80	925	0.027027	0.00583784	8554	0.01
20	4	0.5	Social	81	896	0.00334821	0.00078125	9397	0.01
20	4	0.5	Social	82	986	0.103448	0.0115619	9632	0.01
20	4	0.5	Social	83	1027	0.217137	0.0268744	9568	0.01
20	4	0.5	Social	84	931	0.0891515	0.0112782	7517	0.01
20	4	0.5	Social	85	886	0.00902935	0.00248307	9486	0.01
20	4	0.5	Social	86	923	0.0379198	0.00823402	9416	0.01
20	4	0.5	Social	87	860	0.0290698	0.00627907	6828	0.01
20	4	0.5	Social	88	904	0.0199115	0.00530973	9910	0.01
20	4	0.5	Social	89	955	0.0649215	0.0181152	9929	0.01
20	4	0.5	Social	90	965	0.0787565	0.0128497	7661	0.01
20	4	0.5	Social	91	876	0.00570776	0.00285388	9743	0.01
20	4	0.5	Social	92	1081	0.212766	0.0287697	6762	0.01
20	4	0.5	Social	93	908	0.0363436	0.00462555	9873	0.01
20	4	0.5	Social	94	914	0.0984683	0.0161926	3917	0.01
20	4	0.5	Social	95	909	0.00880088	0.0039604	9525	0.01
20	4	0.5	Social	96	888	0.0045045	0.00202703	9996	0.01
20	4	0.5	Social	97	1005	0.226866	0.0290547	8934	0.01
20	4	0.5	Social	98	961	0.120708	0.0218522	8984	0.01
20	4	0.5	Social	99	1013	0.28233	0.0304047	8638	0.01
